測定局コード,日付,時,SO2(ppm),NO(ppm),NO2(ppm),NOx(ppm),CO(ppm),Ox(ppm),NMHC(ppmC),CH4(ppmC),THC(ppmC),SPM(mg/m3),PM2.5(μg/m3),SP(mg/m3),WD(16Dir),WS(m/s),TEMP(℃),HUM(％)
33201130,2025/09/01,01,,-,-,-,0.2,,0.15,2.04,2.19,0.028,19,,CALM,0.4,,
33201130,2025/09/01,02,,0.001,0.006,0.007,0.2,,0.13,2.03,2.16,0.027,18,,ESE,0.7,,
33201130,2025/09/01,03,,0.002,0.006,0.008,0.2,,0.18,2.01,2.19,0.024,15,,NW,0.6,,
33201130,2025/09/01,04,,0.001,0.006,0.007,0.2,,0.25,2.04,2.29,0.021,13,,NNW,0.9,,
33201130,2025/09/01,05,,0.001,0.005,0.006,0.2,,0.18,2.02,2.20,0.018,14,,ESE,0.6,,
33201130,2025/09/01,06,,0.001,0.006,0.007,0.2,,0.14,2.02,2.16,0.022,13,,NNE,0.9,,
33201130,2025/09/01,07,,0.005,0.006,0.011,0.2,,0.13,2.00,2.13,0.019,12,,NE,0.9,,
33201130,2025/09/01,08,,0.003,0.005,0.008,0.2,,0.14,1.99,2.13,0.016,9,,N,1.2,,
33201130,2025/09/01,09,,0.007,0.007,0.014,0.3,,0.15,1.98,2.13,0.014,9,,E,1.3,,
33201130,2025/09/01,10,,0.005,0.008,0.013,0.3,,0.14,1.96,2.10,0.015,8,,SSW,1.2,,
33201130,2025/09/01,11,,0.003,0.007,0.010,0.3,,0.12,1.93,2.05,0.012,8,,NNW,1.2,,
33201130,2025/09/01,12,,0.002,0.008,0.010,0.3,,0.13,1.94,2.07,0.015,11,,SSE,2.1,,
33201130,2025/09/01,13,,0.002,0.007,0.009,0.3,,0.14,1.94,2.08,0.014,9,,S,1.7,,
33201130,2025/09/01,14,,0.002,0.008,0.010,0.3,,0.19,1.93,2.12,0.012,7,,SSW,2.3,,
33201130,2025/09/01,15,,0.002,0.005,0.007,0.2,,0.14,1.91,2.05,0.011,5,,SSW,2.4,,
33201130,2025/09/01,16,,0.002,0.006,0.008,0.2,,0.13,1.92,2.05,0.011,8,,ESE,2.7,,
33201130,2025/09/01,17,,0.001,0.005,0.006,0.1,,0.11,1.92,2.03,0.007,5,,E,2.8,,
33201130,2025/09/01,18,,0.001,0.006,0.007,0.2,,0.11,1.92,2.03,0.006,5,,ESE,2.0,,
33201130,2025/09/01,19,,0.001,0.005,0.006,0.1,,0.10,1.93,2.03,0.006,4,,ESE,1.8,,
33201130,2025/09/01,20,,0.001,0.006,0.007,0.1,,0.11,1.94,2.05,0.008,5,,NE,0.6,,
33201130,2025/09/01,21,,0.001,0.005,0.006,0.1,,0.12,1.94,2.06,0.010,7,,NNW,0.6,,
33201130,2025/09/01,22,,0.001,0.005,0.006,0.1,,0.13,1.92,2.05,0.010,4,,ESE,0.8,,
33201130,2025/09/01,23,,0,0.004,0.004,0.1,,0.12,1.93,2.05,0.008,4,,NW,1.0,,
33201130,2025/09/01,24,,0,0.004,0.004,0.1,,0.12,1.93,2.05,0.008,4,,N,1.2,,
33201130,2025/09/02,01,,0.001,0.004,0.005,0.1,,0.11,1.92,2.03,0.011,4,,N,1.4,,
33201130,2025/09/02,02,,0,0.005,0.005,0.1,,0.14,1.92,2.06,0.011,5,,WNW,0.8,,
33201130,2025/09/02,03,,0,0.005,0.005,0.2,,0.21,1.93,2.14,0.009,5,,N,0.8,,
33201130,2025/09/02,04,,0.001,0.005,0.006,0.1,,0.16,1.93,2.09,0.010,5,,NNE,0.8,,
33201130,2025/09/02,05,,0.001,0.005,0.006,0.1,,0.13,1.96,2.09,0.013,6,,ENE,0.5,,
33201130,2025/09/02,06,,0.003,0.006,0.009,0.1,,0.13,1.94,2.07,0.012,5,,CALM,0.2,,
33201130,2025/09/02,07,,0.006,0.006,0.012,0.2,,0.13,1.94,2.07,0.009,4,,NNE,0.8,,
33201130,2025/09/02,08,,0.007,0.004,0.011,0.2,,0.13,1.94,2.07,0.009,7,,NNW,1.1,,
33201130,2025/09/02,09,,0.005,0.006,0.011,0.2,,0.13,1.93,2.06,0.012,7,,SSE,0.9,,
33201130,2025/09/02,10,,0.005,0.008,0.013,0.2,,0.13,1.95,2.08,0.009,7,,W,1.7,,
33201130,2025/09/02,11,,0.003,0.007,0.010,0.2,,0.13,1.94,2.07,0.011,8,,S,1.8,,
33201130,2025/09/02,12,,0.002,0.009,0.011,0.3,,0.12,1.95,2.07,0.015,9,,W,1.4,,
33201130,2025/09/02,13,,0.002,0.009,0.011,0.4,,0.13,1.95,2.08,0.018,14,,W,2.6,,
33201130,2025/09/02,14,,0.001,0.006,0.007,0.3,,0.12,1.94,2.06,0.017,11,,W,2.8,,
33201130,2025/09/02,15,,0.002,0.007,0.009,0.2,,0.10,1.93,2.03,0.010,5,,SW,2.2,,
33201130,2025/09/02,16,,0.002,0.009,0.011,0.3,,0.12,1.94,2.06,0.013,8,,SSW,1.9,,
33201130,2025/09/02,17,,0.001,0.007,0.008,0.3,,0.11,1.93,2.04,0.012,6,,SW,1.3,,
33201130,2025/09/02,18,,0.003,0.015,0.018,0.4,,0.14,1.95,2.09,0.015,11,,SSE,2.2,,
33201130,2025/09/02,19,,0.003,0.018,0.021,0.5,,0.20,1.96,2.16,0.015,10,,S,1.2,,
33201130,2025/09/02,20,,0.001,0.010,0.011,0.2,,0.14,1.95,2.09,0.010,6,,NNW,1.5,,
33201130,2025/09/02,21,,0.001,0.005,0.006,0.2,,0.14,1.94,2.08,0.010,7,,WSW,0.7,,
33201130,2025/09/02,22,,0,0.004,0.004,0.1,,0.12,1.94,2.06,0.007,6,,ESE,1.0,,
33201130,2025/09/02,23,,0,0.004,0.004,0.1,,0.13,1.94,2.07,0.009,7,,NNW,1.1,,
33201130,2025/09/02,24,,0,0.004,0.004,0.1,,0.21,1.95,2.16,0.009,6,,N,1.1,,
33201130,2025/09/03,01,,0,0.003,0.003,0.1,,0.16,1.94,2.10,0.008,5,,N,1.6,,
33201130,2025/09/03,02,,0,0.003,0.003,0.1,,0.16,1.95,2.11,0.007,4,,N,0.8,,
33201130,2025/09/03,03,,0,0.003,0.003,0.1,,0.13,1.94,2.07,0.007,3,,NNW,0.8,,
33201130,2025/09/03,04,,0,0.004,0.004,0.2,,0.16,1.94,2.10,0.009,5,,CALM,0.3,,
33201130,2025/09/03,05,,0,0.004,0.004,0.2,,0.22,1.95,2.17,0.009,4,,NW,1.1,,
33201130,2025/09/03,06,,0.001,0.004,0.005,0.1,,0.19,1.95,2.14,0.006,5,,N,1.5,,
33201130,2025/09/03,07,,0.001,0.004,0.005,0.1,,0.11,1.96,2.07,0.010,5,,W,0.8,,
33201130,2025/09/03,08,,0.002,0.004,0.006,0.1,,0.11,1.95,2.06,0.008,6,,NNW,1.3,,
33201130,2025/09/03,09,,0.003,0.004,0.007,0.1,,0.13,1.95,2.08,0.012,6,,WNW,0.6,,
33201130,2025/09/03,10,,0.002,0.005,0.007,0.1,,0.12,1.94,2.06,0.013,7,,SW,0.9,,
33201130,2025/09/03,11,,0.002,0.005,0.007,0.2,,0.12,1.94,2.06,0.014,7,,SSE,1.5,,
33201130,2025/09/03,12,,0.002,0.005,0.007,0.2,,0.12,1.96,2.08,0.014,10,,SE,2.9,,
33201130,2025/09/03,13,,0.001,0.005,0.006,0.2,,0.11,1.95,2.06,0.015,8,,SE,2.1,,
33201130,2025/09/03,14,,0.002,0.006,0.008,0.2,,0.11,1.95,2.06,0.017,10,,SE,2.2,,
33201130,2025/09/03,15,,0.002,0.007,0.009,0.2,,0.11,1.95,2.06,0.017,11,,SE,1.7,,
33201130,2025/09/03,16,,0.001,0.005,0.006,0.2,,0.11,1.95,2.06,0.016,13,,ESE,1.5,,
33201130,2025/09/03,17,,0.001,0.005,0.006,0.2,,0.10,1.95,2.05,0.012,7,,ESE,1.8,,
33201130,2025/09/03,18,,0.002,0.007,0.009,0.2,,0.11,1.94,2.05,0.011,4,,E,1.6,,
33201130,2025/09/03,19,,0.002,0.006,0.008,0.2,,0.13,1.94,2.07,0.019,10,,ESE,1.4,,
33201130,2025/09/03,20,,0.001,0.005,0.006,0.2,,0.13,1.93,2.06,0.017,8,,ESE,1.7,,
33201130,2025/09/03,21,,0.001,0.004,0.005,0.2,,0.12,1.93,2.05,0.015,8,,N,0.7,,
33201130,2025/09/03,22,,0.001,0.004,0.005,0.1,,0.11,1.92,2.03,0.009,2,,ESE,1.5,,
33201130,2025/09/03,23,,0.001,0.004,0.005,0.1,,0.11,1.91,2.02,0.008,4,,ESE,1.6,,
33201130,2025/09/03,24,,0,0.004,0.004,0.1,,0.10,1.91,2.01,0.009,1,,ESE,1.5,,
33201130,2025/09/04,01,,0,0.003,0.003,-,,0.09,1.91,2.00,0.003,1,,ESE,1.2,,
33201130,2025/09/04,02,,0,0.003,0.003,0.1,,0.09,1.90,1.99,0.006,0,,E,1.9,,
33201130,2025/09/04,03,,0.001,0.003,0.004,0.1,,0.09,1.90,1.99,0.006,3,,ESE,1.1,,
33201130,2025/09/04,04,,0.001,0.003,0.004,0.1,,0.09,1.91,2.00,0.007,1,,ESE,0.9,,
33201130,2025/09/04,05,,0.001,0.003,0.004,0.1,,0.09,1.91,2.00,0.004,1,,ESE,0.8,,
33201130,2025/09/04,06,,0.002,0.004,0.006,0.1,,0.09,1.91,2.00,0.005,0,,ESE,0.9,,
33201130,2025/09/04,07,,0.003,0.005,0.008,0.2,,0.09,1.92,2.01,0.008,1,,ESE,0.9,,
33201130,2025/09/04,08,,0.004,0.004,0.008,0.2,,0.11,1.91,2.02,0.003,2,,E,2.2,,
33201130,2025/09/04,09,,0.003,0.003,0.006,0.2,,0.10,1.91,2.01,0.004,2,,ESE,3.1,,
33201130,2025/09/04,10,,0.004,0.004,0.008,0.2,,0.09,1.90,1.99,0.006,1,,ESE,1.8,,
33201130,2025/09/04,11,,0.005,0.005,0.010,0.2,,0.10,1.90,2.00,0.005,1,,ESE,1.4,,
33201130,2025/09/04,12,,0.004,0.005,0.009,0.2,,0.11,1.90,2.01,0.007,4,,E,2.8,,
33201130,2025/09/04,13,,0.003,0.004,0.007,0.2,,-,-,-,0.005,2,,E,2.9,,
33201130,2025/09/04,14,,0.004,0.004,0.008,0.2,,0.12,1.90,2.02,0.006,2,,ESE,2.5,,
33201130,2025/09/04,15,,0.004,0.004,0.008,0.2,,0.11,1.90,2.01,0.005,1,,ESE,2.8,,
33201130,2025/09/04,16,,0.005,0.006,0.011,0.2,,0.10,1.90,2.00,0.006,4,,ESE,2.2,,
33201130,2025/09/04,17,,0.004,0.005,0.009,0.2,,0.11,1.90,2.01,0.006,3,,E,2.3,,
33201130,2025/09/04,18,,0.003,0.006,0.009,0.2,,0.11,1.91,2.02,0.005,2,,ENE,1.0,,
33201130,2025/09/04,19,,0.005,0.005,0.010,0.2,,0.12,1.91,2.03,0.006,2,,ESE,1.3,,
33201130,2025/09/04,20,,0.005,0.004,0.009,0.2,,0.12,1.91,2.03,0.006,3,,ESE,1.8,,
33201130,2025/09/04,21,,0.001,0.003,0.004,0.2,,0.12,1.91,2.03,0.006,1,,ESE,1.5,,
33201130,2025/09/04,22,,0.001,0.004,0.005,0.2,,0.11,1.91,2.02,0.008,2,,ESE,1.3,,
33201130,2025/09/04,23,,0.002,0.006,0.008,0.2,,0.11,1.92,2.03,0.008,3,,ESE,1.8,,
33201130,2025/09/04,24,,0.001,0.005,0.006,0.2,,0.11,1.92,2.03,0.006,3,,ESE,1.3,,
33201130,2025/09/05,01,,0.001,0.007,0.008,0.2,,-,-,-,0.007,3,,ESE,1.2,,
33201130,2025/09/05,02,,0.001,0.006,0.007,0.2,,0.13,1.93,2.06,0.004,3,,ESE,2.4,,
33201130,2025/09/05,03,,0,0.003,0.003,0.1,,0.12,1.92,2.04,0.004,3,,ESE,1.7,,
33201130,2025/09/05,04,,0,0.002,0.002,0.1,,0.11,1.90,2.01,0.004,0,,N,1.4,,
33201130,2025/09/05,05,,0.001,0.002,0.003,0.1,,0.11,1.90,2.01,0.004,3,,N,2.5,,
33201130,2025/09/05,06,,0.001,0.002,0.003,0.1,,0.10,1.90,2.00,0.004,2,,N,1.4,,
33201130,2025/09/05,07,,0,0.002,0.002,0.1,,0.11,1.90,2.01,0.004,1,,NNW,2.4,,
33201130,2025/09/05,08,,0.001,0.002,0.003,0.1,,0.13,1.90,2.03,0.004,0,,NNW,2.5,,
33201130,2025/09/05,09,,0.003,0.003,0.006,0.1,,0.12,1.90,2.02,0.005,1,,W,2.1,,
33201130,2025/09/05,10,,0.006,0.003,0.009,0.2,,0.13,1.90,2.03,0.005,2,,W,2.8,,
33201130,2025/09/05,11,,0.004,0.003,0.007,0.2,,0.13,1.90,2.03,0.008,0,,WNW,1.8,,
33201130,2025/09/05,12,,0.001,0.002,0.003,0.1,,0.12,1.90,2.02,0.002,2,,NNW,3.5,,
33201130,2025/09/05,13,,0.001,0.001,0.002,0.1,,0.10,1.89,1.99,0.004,1,,N,4.0,,
33201130,2025/09/05,14,,0.001,0.001,0.002,0.1,,0.11,1.90,2.01,0.004,1,,N,3.0,,
33201130,2025/09/05,15,,0.001,0.002,0.003,0.1,,0.11,1.90,2.01,0.004,1,,N,2.5,,
33201130,2025/09/05,16,,0.001,0.002,0.003,0.1,,0.11,1.90,2.01,0.004,2,,N,2.4,,
33201130,2025/09/05,17,,0,0.001,0.001,0.1,,0.12,1.90,2.02,0.006,3,,N,2.5,,
33201130,2025/09/05,18,,0,0.002,0.002,0.1,,0.12,1.91,2.03,0.005,3,,N,2.6,,
33201130,2025/09/05,19,,0.001,0.002,0.003,0.1,,0.11,1.92,2.03,0.004,2,,N,2.2,,
33201130,2025/09/05,20,,0,0.002,0.002,0.1,,0.11,1.92,2.03,0.008,2,,NNW,1.4,,
33201130,2025/09/05,21,,0,0.002,0.002,0.1,,0.10,1.94,2.04,0.011,4,,NNW,1.9,,
33201130,2025/09/05,22,,0,0.001,0.001,0.1,,0.10,1.96,2.06,0.011,5,,NNW,1.6,,
33201130,2025/09/05,23,,0,0.002,0.002,0.2,,0.10,1.97,2.07,0.010,3,,NNW,1.5,,
33201130,2025/09/05,24,,0,0.002,0.002,0.2,,0.14,1.97,2.11,0.009,4,,NNW,1.1,,
33201130,2025/09/06,01,,0,0.002,0.002,0.2,,0.16,1.98,2.14,0.013,5,,NW,1.3,,
33201130,2025/09/06,02,,0,0.002,0.002,0.2,,0.17,1.99,2.16,0.009,5,,NW,0.7,,
33201130,2025/09/06,03,,0,0.004,0.004,0.2,,0.19,2.01,2.20,0.012,6,,NNW,1.2,,
33201130,2025/09/06,04,,0,0.003,0.003,0.2,,0.18,2.02,2.20,0.013,5,,WNW,0.5,,
33201130,2025/09/06,05,,0,0.003,0.003,0.2,,0.16,2.02,2.18,0.012,6,,NW,1.0,,
33201130,2025/09/06,06,,0,0.005,0.005,0.2,,0.24,2.03,2.27,0.014,6,,N,0.6,,
33201130,2025/09/06,07,,0.001,0.005,0.006,0.2,,0.18,2.03,2.21,0.015,6,,NW,0.8,,
33201130,2025/09/06,08,,0.002,0.004,0.006,0.2,,0.18,2.03,2.21,0.013,7,,NNW,0.8,,
33201130,2025/09/06,09,,0.001,0.003,0.004,0.2,,0.12,2.02,2.14,0.011,6,,NNW,1.4,,
33201130,2025/09/06,10,,0.001,0.003,0.004,0.2,,0.13,2.02,2.15,0.009,6,,NNE,1.1,,
33201130,2025/09/06,11,,0.001,0.003,0.004,0.2,,0.12,2.02,2.14,0.011,4,,N,1.1,,
33201130,2025/09/06,12,,0.001,0.004,0.005,0.2,,0.13,2.01,2.14,0.011,5,,S,1.8,,
33201130,2025/09/06,13,,0.001,0.004,0.005,0.2,,0.14,2.02,2.16,0.012,6,,NNW,1.6,,
33201130,2025/09/06,14,,0,0.003,0.003,0.2,,0.12,2.00,2.12,0.014,6,,SSE,1.7,,
33201130,2025/09/06,15,,0.001,0.006,0.007,0.3,,0.14,2.03,2.17,0.016,10,,ESE,2.0,,
33201130,2025/09/06,16,,0.001,0.007,0.008,0.4,,0.16,2.02,2.18,0.021,15,,WSW,1.9,,
33201130,2025/09/06,17,,0.001,0.015,0.016,0.6,,0.21,2.02,2.23,0.023,18,,SW,1.3,,
33201130,2025/09/06,18,,0.002,0.019,0.021,0.7,,0.28,2.03,2.31,0.026,18,,SW,1.7,,
33201130,2025/09/06,19,,0.001,0.021,0.022,0.7,,0.23,2.03,2.26,0.025,17,,SSE,2.1,,
33201130,2025/09/06,20,,0.001,0.014,0.015,0.4,,0.19,2.02,2.21,0.016,10,,SSW,1.2,,
33201130,2025/09/06,21,,0.001,0.013,0.014,0.4,,0.19,2.01,2.20,0.019,13,,SW,0.8,,
33201130,2025/09/06,22,,0.001,0.012,0.013,0.4,,0.18,2.02,2.20,0.017,14,,E,0.6,,
33201130,2025/09/06,23,,0.001,0.011,0.012,0.4,,0.17,2.05,2.22,0.019,14,,CALM,0.4,,
33201130,2025/09/06,24,,0.001,0.009,0.010,0.4,,0.17,2.06,2.23,0.018,11,,ESE,0.6,,
33201130,2025/09/07,01,,0.001,0.008,0.009,0.4,,0.17,2.06,2.23,0.019,11,,ESE,1.3,,
33201130,2025/09/07,02,,0.001,0.006,0.007,0.3,,0.15,2.06,2.21,0.019,10,,NNW,0.9,,
33201130,2025/09/07,03,,0.001,0.006,0.007,0.3,,0.15,2.08,2.23,0.022,13,,NE,0.5,,
33201130,2025/09/07,04,,0,0.006,0.006,0.3,,0.15,2.07,2.22,0.017,12,,CALM,0.4,,
33201130,2025/09/07,05,,0.001,0.006,0.007,0.3,,0.15,2.08,2.23,0.021,13,,N,0.7,,
33201130,2025/09/07,06,,0.001,0.006,0.007,0.3,,0.18,2.07,2.25,0.020,13,,ESE,1.1,,
33201130,2025/09/07,07,,0.002,0.005,0.007,0.3,,0.17,2.09,2.26,0.020,15,,ENE,0.6,,
33201130,2025/09/07,08,,0.002,0.005,0.007,0.3,,0.18,2.10,2.28,0.021,11,,CALM,0.4,,
33201130,2025/09/07,09,,0.002,0.006,0.008,0.3,,0.17,2.04,2.21,0.020,11,,WSW,1.3,,
33201130,2025/09/07,10,,0.002,0.006,0.008,0.3,,0.14,2.00,2.14,0.019,13,,W,1.3,,
33201130,2025/09/07,11,,0.001,0.005,0.006,0.2,,0.14,1.97,2.11,0.013,11,,WNW,2.3,,
33201130,2025/09/07,12,,0.001,0.004,0.005,0.2,,0.12,1.95,2.07,0.013,8,,WSW,2.2,,
33201130,2025/09/07,13,,0.001,0.006,0.007,0.3,,0.13,1.95,2.08,0.018,11,,SW,1.7,,
33201130,2025/09/07,14,,0.001,0.007,0.008,0.3,,0.18,1.95,2.13,0.019,11,,SW,2.8,,
33201130,2025/09/07,15,,0.002,0.010,0.012,0.4,,0.19,1.95,2.14,0.017,11,,SSW,2.2,,
33201130,2025/09/07,16,,0.002,0.010,0.012,0.4,,0.25,1.95,2.20,0.019,9,,SW,3.3,,
33201130,2025/09/07,17,,0.001,0.007,0.008,0.2,,0.14,1.94,2.08,0.014,10,,W,3.9,,
33201130,2025/09/07,18,,0.001,0.004,0.005,0.2,,0.13,1.94,2.07,0.011,8,,WNW,1.6,,
33201130,2025/09/07,19,,0,0.004,0.004,0.2,,0.14,1.94,2.08,0.011,7,,NNW,1.5,,
33201130,2025/09/07,20,,0,0.003,0.003,0.2,,0.13,1.94,2.07,0.011,9,,WNW,1.3,,
33201130,2025/09/07,21,,0,0.003,0.003,0.2,,0.13,1.94,2.07,0.010,6,,N,0.7,,
33201130,2025/09/07,22,,0.001,0.004,0.005,0.2,,0.14,1.95,2.09,0.013,8,,E,0.8,,
33201130,2025/09/07,23,,0,0.005,0.005,0.2,,0.15,1.96,2.11,0.014,7,,CALM,0.4,,
33201130,2025/09/07,24,,0.001,0.004,0.005,0.2,,0.15,1.96,2.11,0.016,9,,ESE,1.1,,
33201130,2025/09/08,01,,-,-,-,0.2,,0.14,1.96,2.10,0.014,5,,NNE,0.5,,
33201130,2025/09/08,02,,0.001,0.003,0.004,0.2,,0.16,1.96,2.12,0.013,7,,E,1.0,,
33201130,2025/09/08,03,,0.001,0.003,0.004,0.2,,0.17,1.98,2.15,0.012,6,,N,0.8,,
33201130,2025/09/08,04,,0.001,0.004,0.005,0.2,,0.17,1.99,2.16,0.013,7,,N,1.2,,
33201130,2025/09/08,05,,0.001,0.003,0.004,0.2,,0.17,1.99,2.16,0.013,7,,NNW,0.9,,
33201130,2025/09/08,06,,0.003,0.005,0.008,0.2,,0.16,1.97,2.13,0.015,7,,ESE,0.8,,
33201130,2025/09/08,07,,0.002,0.005,0.007,0.2,,0.17,1.98,2.15,0.014,10,,CALM,0.4,,
33201130,2025/09/08,08,,0.002,0.004,0.006,0.2,,0.16,1.96,2.12,0.014,10,,WNW,1.6,,
33201130,2025/09/08,09,,0.004,0.005,0.009,0.2,,0.14,1.96,2.10,0.014,9,,W,1.7,,
33201130,2025/09/08,10,,0.002,0.005,0.007,0.2,,0.13,1.96,2.09,0.010,6,,W,1.5,,
33201130,2025/09/08,11,,0.001,0.005,0.006,0.2,,0.12,1.96,2.08,0.005,3,,W,1.9,,
33201130,2025/09/08,12,,0.001,0.003,0.004,0.2,,0.13,1.97,2.10,0.007,2,,N,2.2,,
33201130,2025/09/08,13,,0.001,0.004,0.005,0.2,,0.12,1.97,2.09,0.006,4,,W,2.1,,
33201130,2025/09/08,14,,0.001,0.004,0.005,0.2,,0.12,1.98,2.10,0.009,4,,W,2.1,,
33201130,2025/09/08,15,,0.001,0.005,0.006,0.2,,0.13,1.97,2.10,0.011,6,,WSW,1.6,,
33201130,2025/09/08,16,,0.001,0.004,0.005,0.2,,0.13,1.96,2.09,0.013,9,,WNW,1.5,,
33201130,2025/09/08,17,,0.001,0.007,0.008,0.2,,0.14,1.97,2.11,0.017,11,,WSW,1.3,,
33201130,2025/09/08,18,,0.002,0.016,0.018,0.5,,0.19,1.98,2.17,0.022,15,,SSW,1.1,,
33201130,2025/09/08,19,,0.001,0.015,0.016,0.4,,0.24,1.98,2.22,0.022,15,,NW,0.8,,
33201130,2025/09/08,20,,0,0.007,0.007,0.2,,0.17,1.97,2.14,0.022,11,,WNW,0.6,,
33201130,2025/09/08,21,,0,0.008,0.008,0.2,,0.17,1.98,2.15,0.021,12,,WNW,0.6,,
33201130,2025/09/08,22,,0,0.009,0.009,0.2,,0.16,2.00,2.16,0.022,13,,CALM,0.4,,
33201130,2025/09/08,23,,0.001,0.007,0.008,0.2,,0.16,2.01,2.17,0.021,12,,ESE,0.7,,
33201130,2025/09/08,24,,0.001,0.005,0.006,0.2,,0.15,1.99,2.14,0.018,12,,ESE,1.0,,
33201130,2025/09/09,01,,0.001,0.005,0.006,0.2,,0.16,2.00,2.16,0.021,10,,N,0.5,,
33201130,2025/09/09,02,,0,0.005,0.005,0.3,,0.18,2.02,2.20,0.016,10,,ESE,0.8,,
33201130,2025/09/09,03,,0.001,0.005,0.006,0.3,,0.18,2.01,2.19,0.017,8,,N,1.0,,
33201130,2025/09/09,04,,0.001,0.005,0.006,0.3,,0.17,2.02,2.19,0.019,9,,CALM,0.4,,
33201130,2025/09/09,05,,0.002,0.005,0.007,0.3,,0.18,2.03,2.21,0.017,10,,E,0.6,,
33201130,2025/09/09,06,,0.002,0.005,0.007,0.2,,0.15,2.05,2.20,0.015,10,,N,1.3,,
33201130,2025/09/09,07,,0.004,0.004,0.008,0.3,,0.15,2.05,2.20,0.018,8,,NNW,1.1,,
33201130,2025/09/09,08,,0.003,0.004,0.007,0.3,,0.15,2.04,2.19,0.015,10,,NE,0.9,,
33201130,2025/09/09,09,,0.007,0.008,0.015,0.4,,0.17,2.07,2.24,0.020,13,,SE,0.8,,
33201130,2025/09/09,10,,0.007,0.018,0.025,0.7,,0.20,2.08,2.28,0.030,20,,N,0.7,,
33201130,2025/09/09,11,,0.004,0.019,0.023,0.7,,0.21,2.05,2.26,0.028,21,,NW,1.5,,
33201130,2025/09/09,12,,0.001,0.009,0.010,0.5,,0.16,2.00,2.16,0.024,15,,W,1.8,,
33201130,2025/09/09,13,,0.001,0.006,0.007,0.3,,0.14,1.96,2.10,0.020,13,,WNW,1.8,,
33201130,2025/09/09,14,,0.001,0.006,0.007,0.3,,0.13,1.95,2.08,0.022,15,,SSW,1.8,,
33201130,2025/09/09,15,,0.001,0.009,0.010,0.4,,0.17,1.94,2.11,0.023,13,,WNW,2.6,,
33201130,2025/09/09,16,,0.001,0.004,0.005,0.2,,0.14,1.94,2.08,0.010,5,,WNW,2.2,,
33201130,2025/09/09,17,,0.002,0.005,0.007,0.2,,0.12,1.93,2.05,0.006,4,,NNW,1.4,,
33201130,2025/09/09,18,,0.001,0.004,0.005,0.2,,0.13,1.92,2.05,0.009,4,,NNW,1.2,,
33201130,2025/09/09,19,,0.002,0.004,0.006,0.2,,0.15,1.93,2.08,0.011,6,,N,1.6,,
33201130,2025/09/09,20,,0.001,0.004,0.005,0.2,,0.14,1.94,2.08,0.010,7,,N,1.3,,
33201130,2025/09/09,21,,0.001,0.005,0.006,0.2,,0.14,1.94,2.08,0.009,7,,NNW,1.9,,
33201130,2025/09/09,22,,0.001,0.003,0.004,0.2,,0.15,1.95,2.10,0.008,6,,NNE,0.9,,
33201130,2025/09/09,23,,0,0.003,0.003,0.1,,0.14,1.94,2.08,0.007,5,,N,1.1,,
33201130,2025/09/09,24,,0,0.003,0.003,0.1,,0.13,1.95,2.08,0.009,3,,E,1.1,,
33201130,2025/09/10,01,,0,0.003,0.003,0.1,,0.14,1.95,2.09,0.009,4,,NNE,0.7,,
33201130,2025/09/10,02,,0,0.003,0.003,0.2,,0.19,1.95,2.14,0.011,2,,ESE,0.5,,
33201130,2025/09/10,03,,0,0.003,0.003,0.1,,0.14,1.98,2.12,0.010,5,,N,1.3,,
33201130,2025/09/10,04,,0.001,0.003,0.004,0.1,,0.13,1.98,2.11,0.011,5,,N,0.8,,
33201130,2025/09/10,05,,0,0.003,0.003,0.1,,0.13,1.98,2.11,0.010,4,,NNE,0.8,,
33201130,2025/09/10,06,,0.001,0.004,0.005,0.1,,0.12,1.99,2.11,0.010,6,,E,0.7,,
33201130,2025/09/10,07,,0.001,0.004,0.005,0.2,,0.13,1.98,2.11,0.011,8,,N,1.4,,
33201130,2025/09/10,08,,0.004,0.007,0.011,0.2,,0.13,1.98,2.11,0.017,11,,ESE,1.5,,
33201130,2025/09/10,09,,0.011,0.012,0.023,0.3,,0.16,1.98,2.14,0.021,12,,E,0.6,,
33201130,2025/09/10,10,,0.006,0.010,0.016,0.2,,-,-,-,0.021,13,,N,1.5,,
33201130,2025/09/10,11,,0.005,0.005,0.010,0.2,,-,-,-,0.032,15,,SSW,1.3,,
33201130,2025/09/10,12,,0.004,0.008,0.012,0.2,,-,-,-,0.027,17,,WSW,1.5,,
33201130,2025/09/10,13,,0.002,0.006,0.008,0.2,,-,-,-,0.029,20,,ESE,1.4,,
33201130,2025/09/10,14,,0.002,0.010,0.012,0.2,,-,-,-,0.029,20,,W,3.1,,
33201130,2025/09/10,15,,0.001,0.008,0.009,0.2,,-,-,-,0.009,8,,NNW,0.7,,
33201130,2025/09/10,16,,0.002,0.010,0.012,0.3,,-,-,-,0.019,9,,W,0.8,,
33201130,2025/09/10,17,,0.002,0.009,0.011,0.3,,-,-,-,0.016,11,,ESE,0.9,,
33201130,2025/09/10,18,,0.001,0.009,0.010,0.3,,-,-,-,0.016,11,,ESE,0.9,,
33201130,2025/09/10,19,,0.001,0.009,0.010,0.3,,-,-,-,0.014,8,,ESE,0.5,,
33201130,2025/09/10,20,,0.001,0.009,0.010,0.3,,-,-,-,0.013,8,,NE,0.6,,
33201130,2025/09/10,21,,0.002,0.007,0.009,0.2,,-,-,-,0.012,8,,NNW,0.5,,
33201130,2025/09/10,22,,0.001,0.006,0.007,0.2,,-,-,-,0.013,9,,E,1.6,,
33201130,2025/09/10,23,,0.001,0.005,0.006,0.2,,-,-,-,0.013,5,,E,0.5,,
33201130,2025/09/10,24,,0,0.005,0.005,0.2,,-,-,-,0.012,8,,N,0.7,,
33201130,2025/09/11,01,,0,0.005,0.005,-,,-,-,-,0.014,7,,CALM,0.4,,
33201130,2025/09/11,02,,0.001,0.004,0.005,0.2,,-,-,-,0.014,5,,E,0.8,,
33201130,2025/09/11,03,,0.001,0.004,0.005,0.2,,-,-,-,0.013,6,,ESE,0.7,,
33201130,2025/09/11,04,,0,0.003,0.003,0.2,,-,-,-,0.013,8,,NNW,1.2,,
33201130,2025/09/11,05,,0.001,0.003,0.004,0.2,,-,-,-,0.014,7,,N,0.9,,
33201130,2025/09/11,06,,0.001,0.003,0.004,0.2,,-,-,-,0.012,7,,N,1.5,,
33201130,2025/09/11,07,,0.002,0.004,0.006,0.3,,-,-,-,0.014,9,,ESE,1.0,,
33201130,2025/09/11,08,,0.006,0.005,0.011,0.3,,-,-,-,0.014,7,,NNW,0.7,,
33201130,2025/09/11,09,,0.005,0.004,0.009,0.2,,-,-,-,0.010,5,,NE,1.3,,
33201130,2025/09/11,10,,0.004,0.005,0.009,0.2,,-,-,-,0.009,5,,ESE,1.7,,
33201130,2025/09/11,11,,0.003,0.004,0.007,0.2,,-,-,-,0.009,3,,NNW,1.3,,
33201130,2025/09/11,12,,0.002,0.004,0.006,0.2,,-,-,-,0.006,4,,ENE,1.5,,
33201130,2025/09/11,13,,0.001,0.004,0.005,0.2,,-,-,-,0.009,5,,ESE,2.4,,
33201130,2025/09/11,14,,0.002,0.006,0.008,0.2,,-,-,-,0.007,5,,ESE,2.3,,
33201130,2025/09/11,15,,0.001,0.005,0.006,0.2,,-,-,-,0.003,4,,E,2.3,,
33201130,2025/09/11,16,,0.002,0.006,0.008,0.2,,0.12,1.92,2.04,0.008,4,,SE,1.3,,
33201130,2025/09/11,17,,0.003,0.008,0.011,0.2,,0.13,1.92,2.05,0.009,6,,E,1.5,,
33201130,2025/09/11,18,,0.002,0.009,0.011,0.2,,0.13,1.94,2.07,0.010,6,,ESE,1.3,,
33201130,2025/09/11,19,,0.002,0.009,0.011,0.2,,0.13,1.94,2.07,0.007,4,,ESE,1.2,,
33201130,2025/09/11,20,,0.001,0.006,0.007,0.2,,0.11,1.93,2.04,0.007,4,,ESE,1.1,,
33201130,2025/09/11,21,,0.001,0.006,0.007,0.2,,0.11,1.93,2.04,0.008,4,,NNE,1.1,,
33201130,2025/09/11,22,,0,0.006,0.006,0.2,,0.11,1.93,2.04,0.009,5,,N,0.9,,
33201130,2025/09/11,23,,0.001,0.006,0.007,0.2,,0.11,1.94,2.05,0.009,5,,ESE,1.0,,
33201130,2025/09/11,24,,0,0.005,0.005,0.2,,0.11,1.94,2.05,0.010,6,,N,1.2,,
33201130,2025/09/12,01,,0,0.005,0.005,0.2,,-,-,-,0.009,5,,NNW,1.1,,
33201130,2025/09/12,02,,0,0.003,0.003,0.2,,0.14,1.96,2.10,0.008,4,,NNW,0.7,,
33201130,2025/09/12,03,,0,0.003,0.003,0.1,,0.10,1.96,2.06,0.008,4,,NNW,0.6,,
33201130,2025/09/12,04,,0,0.003,0.003,0.2,,0.10,1.98,2.08,0.010,3,,N,1.3,,
33201130,2025/09/12,05,,0,0.003,0.003,0.1,,0.10,1.98,2.08,0.010,3,,NNW,0.8,,
33201130,2025/09/12,06,,0.001,0.003,0.004,0.2,,0.10,1.97,2.07,0.011,6,,NNW,0.6,,
33201130,2025/09/12,07,,0.001,0.004,0.005,0.2,,0.11,1.97,2.08,0.012,5,,NNW,0.5,,
33201130,2025/09/12,08,,0.004,0.006,0.010,0.2,,0.12,1.97,2.09,0.012,5,,ESE,1.1,,
33201130,2025/09/12,09,,0.008,0.007,0.015,0.3,,0.14,1.97,2.11,0.012,7,,ESE,1.4,,
33201130,2025/09/12,10,,-,-,-,-,,-,-,-,-,-,,E,1.4,,
33201130,2025/09/12,11,,-,-,-,-,,-,-,-,-,8,,ESE,1.3,,
33201130,2025/09/12,12,,0.003,0.006,0.009,0.2,,0.14,1.93,2.07,0.011,6,,E,2.5,,
33201130,2025/09/12,13,,0.002,0.006,0.008,0.2,,0.13,1.93,2.06,0.010,4,,E,2.2,,
33201130,2025/09/12,14,,0.003,0.007,0.010,0.2,,0.14,1.94,2.08,0.012,5,,ESE,1.3,,
33201130,2025/09/12,15,,0.003,0.007,0.010,0.2,,0.14,1.95,2.09,0.013,4,,N,1.2,,
33201130,2025/09/12,16,,0.002,0.006,0.008,0.2,,0.14,1.94,2.08,0.012,4,,ESE,1.6,,
33201130,2025/09/12,17,,0.002,0.005,0.007,0.2,,0.14,1.94,2.08,0.012,6,,ENE,0.8,,
33201130,2025/09/12,18,,0.002,0.006,0.008,0.2,,0.14,1.93,2.07,0.011,7,,ESE,1.4,,
33201130,2025/09/12,19,,0.003,0.009,0.012,0.3,,0.20,1.94,2.14,0.012,6,,ESE,1.6,,
33201130,2025/09/12,20,,0.001,0.006,0.007,0.2,,0.14,1.95,2.09,0.007,4,,SSE,1.2,,
33201130,2025/09/12,21,,0,0.004,0.004,0.2,,0.11,1.94,2.05,0.005,2,,N,1.0,,
33201130,2025/09/12,22,,0.001,0.004,0.005,0.2,,0.11,1.94,2.05,0.006,2,,E,1.1,,
33201130,2025/09/12,23,,0,0.003,0.003,0.2,,0.11,1.95,2.06,0.007,4,,N,0.6,,
33201130,2025/09/12,24,,0,0.003,0.003,0.1,,0.10,1.95,2.05,0.008,3,,E,0.7,,
33201130,2025/09/13,01,,0,0.003,0.003,0.1,,0.09,1.94,2.03,0.007,4,,ESE,0.8,,
33201130,2025/09/13,02,,0,0.003,0.003,0.1,,0.10,1.96,2.06,0.009,3,,NNW,0.7,,
33201130,2025/09/13,03,,0,0.004,0.004,0.2,,0.11,1.97,2.08,0.010,4,,CALM,0.3,,
33201130,2025/09/13,04,,0,0.004,0.004,0.2,,0.13,1.98,2.11,0.011,3,,N,0.7,,
33201130,2025/09/13,05,,0,0.003,0.003,0.1,,0.11,1.98,2.09,0.011,2,,NNW,0.7,,
33201130,2025/09/13,06,,0.001,0.004,0.005,0.2,,0.11,1.98,2.09,0.012,4,,CALM,0.2,,
33201130,2025/09/13,07,,0.002,0.004,0.006,0.2,,0.11,1.99,2.10,0.012,4,,CALM,0.2,,
33201130,2025/09/13,08,,0.004,0.004,0.008,0.2,,0.11,2.02,2.13,0.012,5,,CALM,0.3,,
33201130,2025/09/13,09,,0.005,0.005,0.010,0.2,,0.11,1.98,2.09,0.012,6,,S,0.9,,
33201130,2025/09/13,10,,0.003,0.005,0.008,0.2,,0.13,1.98,2.11,0.011,5,,WSW,1.1,,
33201130,2025/09/13,11,,0.002,0.007,0.009,0.2,,0.12,1.97,2.09,0.012,6,,W,1.6,,
33201130,2025/09/13,12,,0.003,0.013,0.016,0.4,,0.15,1.99,2.14,0.018,10,,W,1.5,,
33201130,2025/09/13,13,,0.002,0.009,0.011,0.4,,0.14,1.98,2.12,0.017,7,,SSE,0.7,,
33201130,2025/09/13,14,,0.001,0.009,0.010,0.4,,0.13,1.97,2.10,0.017,8,,SW,2.0,,
33201130,2025/09/13,15,,0.002,0.011,0.013,0.5,,0.14,1.97,2.11,0.023,14,,SSW,1.5,,
33201130,2025/09/13,16,,0.003,0.015,0.018,0.7,,0.15,1.98,2.13,0.025,17,,S,1.7,,
33201130,2025/09/13,17,,0.003,0.020,0.023,0.8,,0.17,1.99,2.16,0.022,12,,S,1.2,,
33201130,2025/09/13,18,,0.002,0.015,0.017,0.5,,0.17,1.99,2.16,0.014,8,,SSE,1.9,,
33201130,2025/09/13,19,,0.002,0.012,0.014,0.3,,0.15,1.97,2.12,0.015,10,,CALM,0.4,,
33201130,2025/09/13,20,,0,0.010,0.010,0.3,,0.15,2.00,2.15,0.017,10,,N,0.7,,
33201130,2025/09/13,21,,0,0.009,0.009,0.3,,0.15,2.02,2.17,0.017,8,,NNW,0.8,,
33201130,2025/09/13,22,,0.001,0.010,0.011,0.3,,0.16,2.01,2.17,0.019,10,,NNW,0.6,,
33201130,2025/09/13,23,,0.001,0.009,0.010,0.3,,0.16,2.02,2.18,0.021,9,,ESE,0.9,,
33201130,2025/09/13,24,,0.001,0.008,0.009,0.3,,0.14,2.00,2.14,0.021,10,,CALM,0.4,,
33201130,2025/09/14,01,,0.001,0.008,0.009,0.3,,0.14,2.01,2.15,0.022,10,,CALM,0.3,,
33201130,2025/09/14,02,,0.002,0.007,0.009,0.3,,0.15,2.03,2.18,0.020,10,,ESE,0.6,,
33201130,2025/09/14,03,,0.001,0.007,0.008,0.3,,0.15,2.03,2.18,0.024,11,,CALM,0.4,,
33201130,2025/09/14,04,,0.001,0.007,0.008,0.3,,0.14,2.07,2.21,0.024,10,,CALM,0.4,,
33201130,2025/09/14,05,,0.001,0.007,0.008,0.3,,0.13,2.07,2.20,0.025,12,,ESE,1.2,,
33201130,2025/09/14,06,,0.001,0.006,0.007,0.3,,0.13,2.08,2.21,0.024,10,,N,1.0,,
33201130,2025/09/14,07,,0.002,0.006,0.008,0.3,,0.14,2.10,2.24,0.026,12,,CALM,0.4,,
33201130,2025/09/14,08,,0.003,0.006,0.009,0.3,,0.14,2.07,2.21,0.030,14,,NNE,0.6,,
33201130,2025/09/14,09,,0.003,0.007,0.010,0.3,,0.15,2.06,2.21,0.028,13,,CALM,0.3,,
33201130,2025/09/14,10,,0.004,0.008,0.012,0.3,,0.16,2.04,2.20,0.026,14,,W,0.8,,
33201130,2025/09/14,11,,0.003,0.008,0.011,0.3,,0.17,2.06,2.23,0.023,13,,WNW,1.8,,
33201130,2025/09/14,12,,0.003,0.006,0.009,0.3,,0.14,2.01,2.15,0.022,11,,WSW,1.5,,
33201130,2025/09/14,13,,0.001,0.004,0.005,0.2,,0.11,1.94,2.05,0.017,8,,W,2.2,,
33201130,2025/09/14,14,,0.001,0.003,0.004,0.2,,0.11,1.93,2.04,0.014,7,,W,2.7,,
33201130,2025/09/14,15,,0.001,0.004,0.005,0.3,,0.10,1.94,2.04,0.016,12,,S,2.5,,
33201130,2025/09/14,16,,0.001,0.006,0.007,0.3,,0.11,1.95,2.06,0.014,9,,SW,2.4,,
33201130,2025/09/14,17,,0.002,0.007,0.009,0.3,,0.11,1.96,2.07,0.014,8,,W,1.5,,
33201130,2025/09/14,18,,0.001,0.006,0.007,0.3,,0.12,1.97,2.09,0.012,9,,WNW,1.4,,
33201130,2025/09/14,19,,0.001,0.007,0.008,0.3,,0.12,1.98,2.10,0.014,9,,WSW,0.9,,
33201130,2025/09/14,20,,0,0.005,0.005,0.2,,0.12,1.98,2.10,0.013,7,,WSW,1.1,,
33201130,2025/09/14,21,,0.001,0.007,0.008,0.3,,0.13,1.98,2.11,0.014,8,,WSW,1.1,,
33201130,2025/09/14,22,,0,0.007,0.007,0.2,,0.13,2.00,2.13,0.013,8,,WNW,1.0,,
33201130,2025/09/14,23,,0,0.005,0.005,0.2,,0.13,1.99,2.12,0.014,6,,WNW,1.0,,
33201130,2025/09/14,24,,0,0.003,0.003,0.2,,0.12,1.99,2.11,0.014,7,,WNW,1.0,,
33201130,2025/09/15,01,,-,-,-,0.2,,0.12,2.01,2.13,0.017,7,,WNW,1.1,,
33201130,2025/09/15,02,,0.001,0.004,0.005,0.2,,0.12,2.03,2.15,0.017,9,,NNW,1.0,,
33201130,2025/09/15,03,,0,0.003,0.003,0.2,,0.12,2.04,2.16,0.016,8,,CALM,0.4,,
33201130,2025/09/15,04,,0,0.003,0.003,0.2,,0.12,2.04,2.16,0.018,7,,CALM,0.3,,
33201130,2025/09/15,05,,0.001,0.004,0.005,0.2,,0.12,2.05,2.17,0.019,8,,ESE,0.7,,
33201130,2025/09/15,06,,0.001,0.003,0.004,0.2,,0.12,2.03,2.15,0.018,7,,CALM,0.4,,
33201130,2025/09/15,07,,0.002,0.003,0.005,0.2,,0.13,2.03,2.16,0.019,7,,CALM,0.3,,
33201130,2025/09/15,08,,0.004,0.003,0.007,0.2,,0.14,2.05,2.19,0.016,7,,ENE,0.8,,
33201130,2025/09/15,09,,0.003,0.004,0.007,0.2,,0.16,2.06,2.22,0.018,8,,NNE,0.9,,
33201130,2025/09/15,10,,0.001,0.004,0.005,0.2,,0.14,2.08,2.22,0.015,7,,WSW,1.2,,
33201130,2025/09/15,11,,0.001,0.003,0.004,0.2,,0.10,2.04,2.14,0.009,7,,SW,1.2,,
33201130,2025/09/15,12,,0.001,0.003,0.004,0.2,,0.10,2.03,2.13,0.010,4,,WNW,1.6,,
33201130,2025/09/15,13,,0.001,0.003,0.004,0.2,,0.10,2.03,2.13,0.012,7,,WNW,2.0,,
33201130,2025/09/15,14,,0,0.002,0.002,0.2,,0.11,2.03,2.14,0.012,6,,NW,2.0,,
33201130,2025/09/15,15,,0.001,0.003,0.004,0.2,,0.11,2.03,2.14,0.013,7,,WNW,1.7,,
33201130,2025/09/15,16,,0.001,0.003,0.004,0.2,,0.11,2.03,2.14,0.014,10,,NNW,0.9,,
33201130,2025/09/15,17,,0.001,0.005,0.006,0.3,,0.11,2.04,2.15,0.017,10,,W,1.7,,
33201130,2025/09/15,18,,0.001,0.006,0.007,0.3,,0.13,2.04,2.17,0.023,13,,W,1.3,,
33201130,2025/09/15,19,,0.001,0.006,0.007,0.3,,0.15,2.05,2.20,0.024,13,,W,1.5,,
33201130,2025/09/15,20,,0,0.005,0.005,0.3,,0.17,2.06,2.23,0.024,12,,N,0.9,,
33201130,2025/09/15,21,,0.001,0.004,0.005,0.3,,0.16,2.05,2.21,0.018,10,,N,1.3,,
33201130,2025/09/15,22,,0,0.003,0.003,0.3,,0.14,2.03,2.17,0.015,9,,N,0.8,,
33201130,2025/09/15,23,,0.001,0.004,0.005,0.3,,0.14,2.04,2.18,0.018,9,,E,0.8,,
33201130,2025/09/15,24,,0.001,0.003,0.004,0.2,,0.13,2.05,2.18,0.016,6,,N,1.3,,
33201130,2025/09/16,01,,0.001,0.003,0.004,0.2,,0.12,2.04,2.16,0.017,6,,E,0.6,,
33201130,2025/09/16,02,,0,0.003,0.003,0.2,,0.11,2.05,2.16,0.014,4,,N,1.6,,
33201130,2025/09/16,03,,0.001,0.003,0.004,0.2,,0.11,2.06,2.17,0.015,8,,N,1.5,,
33201130,2025/09/16,04,,0,0.003,0.003,0.2,,0.11,2.05,2.16,0.019,8,,CALM,0.2,,
33201130,2025/09/16,05,,0,0.003,0.003,0.2,,0.12,2.05,2.17,0.018,8,,NNW,0.8,,
33201130,2025/09/16,06,,0.001,0.004,0.005,0.2,,0.14,2.07,2.21,0.018,8,,ESE,0.7,,
33201130,2025/09/16,07,,0.003,0.005,0.008,0.3,,0.14,2.06,2.20,0.018,8,,N,0.6,,
33201130,2025/09/16,08,,0.005,0.004,0.009,0.3,,0.13,2.10,2.23,0.018,8,,SSE,0.7,,
33201130,2025/09/16,09,,0.006,0.006,0.012,0.3,,0.14,2.08,2.22,0.021,10,,SE,0.8,,
33201130,2025/09/16,10,,0.004,0.010,0.014,0.3,,0.17,2.08,2.25,0.024,15,,ESE,0.9,,
33201130,2025/09/16,11,,0.004,0.011,0.015,0.5,,0.17,2.07,2.24,0.029,17,,SSE,1.3,,
33201130,2025/09/16,12,,0.001,0.009,0.010,0.4,,0.15,2.06,2.21,0.028,15,,NW,1.3,,
33201130,2025/09/16,13,,0.001,0.008,0.009,0.4,,0.16,2.07,2.23,0.034,21,,E,0.7,,
33201130,2025/09/16,14,,0.001,0.009,0.010,0.3,,0.15,2.06,2.21,0.033,20,,NW,1.7,,
33201130,2025/09/16,15,,0.001,0.012,0.013,0.6,,0.20,2.02,2.22,0.026,15,,SSW,2.5,,
33201130,2025/09/16,16,,0.001,0.011,0.012,0.5,,0.25,2.00,2.25,0.023,14,,SSE,2.6,,
33201130,2025/09/16,17,,0.001,0.009,0.010,0.3,,0.16,1.98,2.14,0.021,13,,SE,2.1,,
33201130,2025/09/16,18,,0.001,0.012,0.013,0.3,,0.14,2.00,2.14,0.022,14,,S,2.5,,
33201130,2025/09/16,19,,0.002,0.011,0.013,0.3,,0.15,1.99,2.14,0.023,14,,SSE,3.1,,
33201130,2025/09/16,20,,0.001,0.007,0.008,0.3,,0.13,1.98,2.11,0.019,10,,ENE,1.1,,
33201130,2025/09/16,21,,0,0.008,0.008,0.2,,0.14,2.02,2.16,0.023,14,,N,0.7,,
33201130,2025/09/16,22,,0.001,0.008,0.009,0.3,,0.14,2.03,2.17,0.023,14,,ESE,1.1,,
33201130,2025/09/16,23,,0.001,0.007,0.008,0.2,,0.13,2.01,2.14,0.024,13,,CALM,0.4,,
33201130,2025/09/16,24,,0.001,0.008,0.009,0.3,,0.14,2.03,2.17,0.024,13,,N,0.6,,
33201130,2025/09/17,01,,0,0.007,0.007,0.2,,0.13,2.02,2.15,0.025,14,,N,0.5,,
33201130,2025/09/17,02,,0.001,0.006,0.007,0.3,,0.14,2.04,2.18,0.025,14,,NNW,0.6,,
33201130,2025/09/17,03,,0.001,0.006,0.007,0.3,,0.14,2.03,2.17,0.025,15,,ESE,0.6,,
33201130,2025/09/17,04,,0.001,0.005,0.006,0.3,,0.13,2.06,2.19,0.026,14,,ESE,0.9,,
33201130,2025/09/17,05,,0.001,0.005,0.006,0.3,,0.12,2.05,2.17,0.022,13,,N,0.8,,
33201130,2025/09/17,06,,0.001,0.005,0.006,0.3,,0.13,2.07,2.20,0.026,13,,N,0.8,,
33201130,2025/09/17,07,,0.001,0.005,0.006,0.3,,0.16,2.06,2.22,0.025,12,,WNW,0.5,,
33201130,2025/09/17,08,,0.007,0.007,0.014,0.4,,0.16,2.04,2.20,0.024,14,,ESE,0.7,,
33201130,2025/09/17,09,,0.006,0.008,0.014,0.3,,0.15,2.05,2.20,0.024,15,,SSW,1.1,,
33201130,2025/09/17,10,,0.003,0.006,0.009,0.2,,0.13,1.97,2.10,0.030,16,,W,1.6,,
33201130,2025/09/17,11,,0.003,0.007,0.010,0.2,,0.12,1.96,2.08,0.035,19,,SSW,2.0,,
33201130,2025/09/17,12,,0.003,0.008,0.011,0.3,,0.13,1.95,2.08,0.038,23,,W,1.5,,
33201130,2025/09/17,13,,0.002,0.006,0.008,0.3,,0.12,1.94,2.06,0.035,23,,WSW,2.2,,
33201130,2025/09/17,14,,0.002,0.009,0.011,0.4,,0.15,1.94,2.09,0.035,24,,SW,2.1,,
33201130,2025/09/17,15,,0.003,0.015,0.018,0.5,,0.23,1.95,2.18,0.034,25,,WSW,2.4,,
33201130,2025/09/17,16,,0.002,0.014,0.016,0.5,,0.22,1.95,2.17,0.032,20,,SSW,2.1,,
33201130,2025/09/17,17,,0.003,0.016,0.019,0.5,,0.21,1.95,2.16,0.021,13,,WSW,2.4,,
33201130,2025/09/17,18,,0.002,0.013,0.015,0.4,,0.18,1.95,2.13,0.020,12,,W,1.5,,
33201130,2025/09/17,19,,0.001,0.006,0.007,0.2,,0.11,1.94,2.05,0.017,11,,W,1.1,,
33201130,2025/09/17,20,,0,0.004,0.004,0.2,,0.17,1.94,2.11,0.019,14,,N,1.1,,
33201130,2025/09/17,21,,0,0.005,0.005,0.2,,0.18,1.95,2.13,0.016,9,,WNW,1.1,,
33201130,2025/09/17,22,,0,0.007,0.007,0.2,,0.15,1.98,2.13,0.015,7,,NW,0.8,,
33201130,2025/09/17,23,,0,0.005,0.005,0.2,,0.14,1.98,2.12,0.015,7,,N,1.0,,
33201130,2025/09/17,24,,0.001,0.006,0.007,0.2,,0.16,1.98,2.14,0.014,7,,WNW,1.2,,
33201130,2025/09/18,01,,0,0.005,0.005,-,,0.10,1.97,2.07,0.013,7,,NNW,0.5,,
33201130,2025/09/18,02,,0,0.005,0.005,0.2,,0.11,1.97,2.08,0.012,6,,WNW,0.7,,
33201130,2025/09/18,03,,0,0.005,0.005,0.2,,0.11,1.97,2.08,0.013,6,,WNW,0.8,,
33201130,2025/09/18,04,,0,0.007,0.007,0.2,,0.11,1.98,2.09,0.013,6,,WNW,0.6,,
33201130,2025/09/18,05,,0,0.005,0.005,0.2,,0.10,1.97,2.07,0.013,6,,CALM,0.4,,
33201130,2025/09/18,06,,0,0.005,0.005,0.2,,0.10,1.97,2.07,0.014,7,,NW,0.6,,
33201130,2025/09/18,07,,0.001,0.005,0.006,0.2,,0.09,1.97,2.06,0.012,6,,SE,0.5,,
33201130,2025/09/18,08,,0.003,0.006,0.009,0.2,,0.12,1.95,2.07,0.011,4,,W,1.6,,
33201130,2025/09/18,09,,0.004,0.007,0.011,0.2,,0.10,1.95,2.05,0.011,5,,W,1.5,,
33201130,2025/09/18,10,,0.003,0.006,0.009,0.2,,0.10,1.94,2.04,0.010,5,,W,1.6,,
33201130,2025/09/18,11,,0.003,0.006,0.009,0.2,,0.10,1.93,2.03,0.008,2,,WNW,0.9,,
33201130,2025/09/18,12,,0.002,0.005,0.007,0.2,,0.11,1.94,2.05,0.007,3,,W,2.2,,
33201130,2025/09/18,13,,0.001,0.004,0.005,0.2,,0.10,1.96,2.06,0.006,3,,W,2.0,,
33201130,2025/09/18,14,,0.001,0.004,0.005,0.2,,0.10,1.98,2.08,0.005,2,,NW,2.1,,
33201130,2025/09/18,15,,0,0.002,0.002,0.2,,0.09,1.99,2.08,0.004,1,,N,1.8,,
33201130,2025/09/18,16,,0.001,0.002,0.003,0.2,,0.09,2.00,2.09,0.006,2,,NNW,1.7,,
33201130,2025/09/18,17,,0,0.002,0.002,0.2,,0.10,2.01,2.11,0.004,1,,N,3.8,,
33201130,2025/09/18,18,,0,0.001,0.001,0.2,,0.08,2.01,2.09,0.006,-2,,N,2.4,,
33201130,2025/09/18,19,,0,0.002,0.002,0.2,,0.10,2.01,2.11,0.007,1,,N,2.0,,
33201130,2025/09/18,20,,0,0.001,0.001,0.2,,0.13,2.01,2.14,0.011,2,,N,1.5,,
33201130,2025/09/18,21,,0,0.002,0.002,0.2,,0.09,2.01,2.10,0.010,1,,N,1.8,,
33201130,2025/09/18,22,,0,0.002,0.002,0.2,,0.08,2.02,2.10,0.008,0,,N,1.7,,
33201130,2025/09/18,23,,0,0.001,0.001,0.2,,0.08,2.02,2.10,0.008,2,,NNW,1.4,,
33201130,2025/09/18,24,,0,0.001,0.001,0.2,,0.08,2.02,2.10,0.009,1,,NNW,1.3,,
33201130,2025/09/19,01,,0,0.001,0.001,0.2,,-,-,-,0.009,3,,NNW,1.0,,
33201130,2025/09/19,02,,0.001,0.002,0.003,0.2,,0.09,2.03,2.12,0.009,2,,ESE,1.1,,
33201130,2025/09/19,03,,0.001,0.002,0.003,0.2,,0.08,2.03,2.11,0.009,4,,NNW,0.9,,
33201130,2025/09/19,04,,0,0.002,0.002,0.2,,0.08,2.04,2.12,0.011,2,,NNW,1.8,,
33201130,2025/09/19,05,,0,0.002,0.002,0.2,,0.09,2.05,2.14,0.008,2,,NW,0.8,,
33201130,2025/09/19,06,,0,0.002,0.002,0.2,,0.17,2.04,2.21,0.010,5,,N,0.7,,
33201130,2025/09/19,07,,0,0.003,0.003,0.2,,0.12,2.04,2.16,0.010,3,,WNW,0.8,,
33201130,2025/09/19,08,,0.002,0.005,0.007,0.3,,0.18,2.04,2.22,0.009,5,,N,0.9,,
33201130,2025/09/19,09,,0.001,0.004,0.005,0.2,,0.13,2.04,2.17,0.005,2,,N,1.0,,
33201130,2025/09/19,10,,0.002,0.004,0.006,0.2,,0.09,2.03,2.12,0.007,2,,N,1.4,,
33201130,2025/09/19,11,,0.002,0.004,0.006,0.2,,0.08,2.03,2.11,0.005,3,,SE,1.5,,
33201130,2025/09/19,12,,0.001,0.004,0.005,0.2,,0.09,2.04,2.13,0.012,2,,ESE,2.2,,
33201130,2025/09/19,13,,0.001,0.004,0.005,0.2,,0.09,2.04,2.13,0.009,4,,ESE,1.7,,
33201130,2025/09/19,14,,0.002,0.004,0.006,0.2,,0.08,2.03,2.11,0.011,6,,SE,1.5,,
33201130,2025/09/19,15,,0.001,0.005,0.006,0.2,,0.09,2.03,2.12,0.008,4,,ESE,2.0,,
33201130,2025/09/19,16,,0.001,0.005,0.006,0.2,,0.09,2.03,2.12,0.008,4,,ESE,2.3,,
33201130,2025/09/19,17,,0.001,0.005,0.006,0.2,,0.09,2.04,2.13,0.009,5,,ESE,1.6,,
33201130,2025/09/19,18,,0.001,0.007,0.008,0.2,,0.10,2.04,2.14,0.011,5,,ESE,1.2,,
33201130,2025/09/19,19,,0.001,0.007,0.008,0.2,,0.10,2.04,2.14,0.012,5,,E,0.9,,
33201130,2025/09/19,20,,0.001,0.007,0.008,0.3,,0.11,2.06,2.17,0.011,5,,SE,0.7,,
33201130,2025/09/19,21,,0.001,0.008,0.009,0.3,,0.12,2.06,2.18,0.014,7,,NNW,1.3,,
33201130,2025/09/19,22,,0.001,0.006,0.007,0.2,,0.12,2.07,2.19,0.015,7,,N,0.9,,
33201130,2025/09/19,23,,0.001,0.005,0.006,0.2,,0.12,2.07,2.19,0.012,6,,ENE,0.6,,
33201130,2025/09/19,24,,0,0.004,0.004,0.2,,0.11,2.08,2.19,0.012,6,,N,0.5,,
33201130,2025/09/20,01,,0.001,0.004,0.005,0.2,,0.10,2.07,2.17,0.012,4,,NNW,1.1,,
33201130,2025/09/20,02,,0,0.003,0.003,0.2,,0.10,2.07,2.17,0.009,4,,N,0.9,,
33201130,2025/09/20,03,,0,0.004,0.004,0.2,,0.09,2.07,2.16,0.010,6,,NNE,1.1,,
33201130,2025/09/20,04,,0.001,0.004,0.005,0.2,,0.09,2.07,2.16,0.013,6,,E,0.6,,
33201130,2025/09/20,05,,0.001,0.005,0.006,0.2,,0.09,2.06,2.15,0.010,4,,NE,0.9,,
33201130,2025/09/20,06,,0.001,0.005,0.006,0.2,,0.10,2.07,2.17,0.013,5,,NNW,0.8,,
33201130,2025/09/20,07,,0.001,0.006,0.007,0.2,,0.11,2.08,2.19,0.014,6,,NNW,0.9,,
33201130,2025/09/20,08,,0.004,0.008,0.012,0.3,,0.12,2.08,2.20,0.013,7,,NE,0.7,,
33201130,2025/09/20,09,,0.002,0.007,0.009,0.3,,0.23,2.07,2.30,0.017,6,,N,0.8,,
33201130,2025/09/20,10,,0.003,0.007,0.010,0.3,,0.16,2.06,2.22,0.017,5,,ESE,1.6,,
33201130,2025/09/20,11,,0.001,0.004,0.005,0.2,,0.12,2.02,2.14,0.010,4,,SE,1.8,,
33201130,2025/09/20,12,,0.001,0.004,0.005,0.2,,0.11,2.01,2.12,0.010,5,,SE,1.4,,
33201130,2025/09/20,13,,0.001,0.005,0.006,0.2,,0.12,2.00,2.12,0.012,6,,SSE,1.6,,
33201130,2025/09/20,14,,0.002,0.010,0.012,0.3,,0.15,2.02,2.17,0.019,11,,WSW,2.0,,
33201130,2025/09/20,15,,0.003,0.019,0.022,0.6,,0.20,2.04,2.24,0.026,18,,SSW,1.7,,
33201130,2025/09/20,16,,0.001,0.010,0.011,0.4,,0.16,2.03,2.19,0.026,17,,WSW,2.6,,
33201130,2025/09/20,17,,0.002,0.010,0.012,0.3,,0.14,2.00,2.14,0.025,13,,WSW,2.0,,
33201130,2025/09/20,18,,0.002,0.011,0.013,0.3,,0.14,1.98,2.12,0.026,14,,WSW,1.2,,
33201130,2025/09/20,19,,0.001,0.010,0.011,0.3,,0.14,1.98,2.12,0.023,19,,WSW,1.2,,
33201130,2025/09/20,20,,0.001,0.009,0.010,0.3,,0.13,1.97,2.10,0.025,16,,NW,0.8,,
33201130,2025/09/20,21,,0.001,0.009,0.010,0.3,,0.12,1.96,2.08,0.028,18,,WSW,0.7,,
33201130,2025/09/20,22,,0.001,0.009,0.010,0.3,,0.15,1.99,2.14,0.030,16,,NE,0.8,,
33201130,2025/09/20,23,,0.001,0.005,0.006,0.2,,0.13,1.99,2.12,0.019,9,,WSW,1.4,,
33201130,2025/09/20,24,,0,0.003,0.003,0.2,,0.10,1.96,2.06,0.011,6,,WSW,0.8,,
33201130,2025/09/21,01,,0,0.002,0.002,0.2,,0.09,1.97,2.06,0.009,2,,W,0.8,,
33201130,2025/09/21,02,,0,0.002,0.002,0.2,,0.10,1.98,2.08,0.008,4,,WNW,0.8,,
33201130,2025/09/21,03,,0,0.002,0.002,0.2,,0.10,2.01,2.11,0.008,2,,WSW,1.0,,
33201130,2025/09/21,04,,0,0.002,0.002,0.2,,0.09,2.03,2.12,0.009,5,,WNW,1.1,,
33201130,2025/09/21,05,,0,0.002,0.002,0.2,,0.09,2.04,2.13,0.010,3,,WNW,1.4,,
33201130,2025/09/21,06,,0.001,0.003,0.004,0.2,,0.09,2.04,2.13,0.008,2,,N,0.9,,
33201130,2025/09/21,07,,0,0.002,0.002,0.2,,0.09,2.04,2.13,0.010,2,,W,1.5,,
33201130,2025/09/21,08,,0.001,0.002,0.003,0.2,,0.08,2.03,2.11,0.011,1,,NW,1.3,,
33201130,2025/09/21,09,,0.001,0.002,0.003,0.2,,0.08,2.02,2.10,0.011,2,,N,1.9,,
33201130,2025/09/21,10,,0,0.002,0.002,0.2,,0.09,2.01,2.10,0.010,4,,NNW,2.3,,
33201130,2025/09/21,11,,0,0.001,0.001,0.2,,0.09,2.02,2.11,0.007,4,,NNW,2.2,,
33201130,2025/09/21,12,,0,0.001,0.001,0.2,,0.08,2.02,2.10,0.007,3,,NE,2.1,,
33201130,2025/09/21,13,,0,0.001,0.001,0.2,,0.08,2.01,2.09,0.005,3,,NNW,2.7,,
33201130,2025/09/21,14,,0,0.001,0.001,0.2,,0.08,2.01,2.09,0.003,0,,NNW,2.5,,
33201130,2025/09/21,15,,0,0.001,0.001,0.2,,0.08,2.02,2.10,0.004,3,,N,3.3,,
33201130,2025/09/21,16,,0,0.001,0.001,0.2,,0.07,2.01,2.08,0.005,3,,N,2.9,,
33201130,2025/09/21,17,,0,0.001,0.001,0.2,,0.08,2.01,2.09,0.005,3,,N,1.6,,
33201130,2025/09/21,18,,0,0.001,0.001,0.2,,0.07,2.01,2.08,0.005,2,,N,2.0,,
33201130,2025/09/21,19,,0,0.001,0.001,0.2,,0.07,2.02,2.09,0.007,2,,N,2.3,,
33201130,2025/09/21,20,,0,0.001,0.001,0.2,,0.07,2.02,2.09,0.006,3,,N,1.4,,
33201130,2025/09/21,21,,0,0.002,0.002,0.2,,0.08,2.02,2.10,0.007,5,,N,1.9,,
33201130,2025/09/21,22,,0,0.001,0.001,0.2,,0.07,2.02,2.09,0.008,3,,ESE,0.7,,
33201130,2025/09/21,23,,0,0.002,0.002,0.2,,0.08,2.02,2.10,0.009,4,,NE,0.7,,
33201130,2025/09/21,24,,0,0.002,0.002,0.2,,0.08,2.02,2.10,0.006,4,,E,0.8,,
33201130,2025/09/22,01,,-,-,-,0.2,,0.08,2.02,2.10,0.006,3,,N,1.0,,
33201130,2025/09/22,02,,0,0.002,0.002,0.2,,0.08,2.03,2.11,0.007,2,,N,1.3,,
33201130,2025/09/22,03,,0,0.002,0.002,0.2,,0.07,2.03,2.10,0.008,3,,N,0.6,,
33201130,2025/09/22,04,,0,0.002,0.002,0.2,,0.08,2.03,2.11,0.008,1,,NNW,0.7,,
33201130,2025/09/22,05,,0,0.003,0.003,0.2,,0.12,2.04,2.16,0.008,3,,NNW,1.0,,
33201130,2025/09/22,06,,0.001,0.004,0.005,0.2,,0.13,2.05,2.18,0.007,3,,ENE,0.5,,
33201130,2025/09/22,07,,0.002,0.006,0.008,0.2,,0.09,2.05,2.14,0.007,3,,N,1.2,,
33201130,2025/09/22,08,,0.001,0.004,0.005,0.2,,0.11,2.05,2.16,0.008,5,,N,1.1,,
33201130,2025/09/22,09,,0.004,0.006,0.010,0.2,,0.09,2.04,2.13,0.006,4,,NNW,1.0,,
33201130,2025/09/22,10,,0.002,0.004,0.006,0.2,,0.07,2.03,2.10,0.008,2,,N,1.3,,
33201130,2025/09/22,11,,0.003,0.003,0.006,0.2,,0.07,2.03,2.10,0.008,4,,ESE,1.4,,
33201130,2025/09/22,12,,0.001,0.002,0.003,0.2,,0.07,2.03,2.10,0.006,4,,N,1.7,,
33201130,2025/09/22,13,,0.001,0.003,0.004,0.2,,0.07,2.03,2.10,0.007,4,,SE,1.6,,
33201130,2025/09/22,14,,0.001,0.004,0.005,0.2,,0.08,2.03,2.11,0.008,5,,ESE,1.9,,
33201130,2025/09/22,15,,0.001,0.005,0.006,0.2,,0.07,2.03,2.10,0.008,3,,SE,1.5,,
33201130,2025/09/22,16,,0.002,0.005,0.007,0.2,,0.08,2.04,2.12,0.008,4,,ESE,2.1,,
33201130,2025/09/22,17,,0.001,0.007,0.008,0.2,,0.08,2.04,2.12,0.008,5,,SE,1.5,,
33201130,2025/09/22,18,,0.001,0.006,0.007,0.2,,0.09,2.05,2.14,0.007,5,,E,1.5,,
33201130,2025/09/22,19,,0.001,0.007,0.008,0.3,,0.10,2.04,2.14,0.010,7,,SE,0.5,,
33201130,2025/09/22,20,,0.001,0.008,0.009,0.3,,0.11,2.05,2.16,0.012,7,,CALM,0.4,,
33201130,2025/09/22,21,,0.001,0.008,0.009,0.3,,0.11,2.05,2.16,0.013,8,,WNW,0.5,,
33201130,2025/09/22,22,,0,0.007,0.007,0.2,,0.12,2.06,2.18,0.015,8,,N,1.0,,
33201130,2025/09/22,23,,0,0.005,0.005,0.2,,0.11,2.06,2.17,0.012,4,,NW,0.5,,
33201130,2025/09/22,24,,0,0.004,0.004,0.2,,0.10,2.05,2.15,0.009,5,,NNW,0.9,,
33201130,2025/09/23,01,,0,0.003,0.003,0.2,,0.09,2.04,2.13,0.010,5,,N,1.0,,
33201130,2025/09/23,02,,0,0.003,0.003,0.2,,0.08,2.03,2.11,0.009,6,,CALM,0.4,,
33201130,2025/09/23,03,,0,0.003,0.003,0.2,,0.08,2.04,2.12,0.011,6,,NNW,0.8,,
33201130,2025/09/23,04,,0,0.004,0.004,0.2,,0.08,2.04,2.12,0.009,4,,ENE,0.6,,
33201130,2025/09/23,05,,0.001,0.004,0.005,0.2,,0.08,2.04,2.12,0.008,5,,E,0.7,,
33201130,2025/09/23,06,,0.001,0.005,0.006,0.2,,0.08,2.05,2.13,0.009,7,,ENE,1.1,,
33201130,2025/09/23,07,,0.001,0.005,0.006,0.2,,0.08,2.05,2.13,0.010,7,,NNE,1.2,,
33201130,2025/09/23,08,,0.001,0.007,0.008,0.2,,0.10,2.05,2.15,0.011,6,,NNW,0.9,,
33201130,2025/09/23,09,,0.001,0.008,0.009,0.2,,0.10,2.05,2.15,0.014,6,,N,1.1,,
33201130,2025/09/23,10,,0.003,0.009,0.012,0.3,,0.12,2.06,2.18,0.014,7,,ESE,0.8,,
33201130,2025/09/23,11,,0.004,0.010,0.014,0.3,,0.12,2.06,2.18,0.015,10,,ESE,0.9,,
33201130,2025/09/23,12,,0.002,0.008,0.010,0.3,,0.11,2.06,2.17,0.014,8,,NE,1.2,,
33201130,2025/09/23,13,,0.001,0.007,0.008,0.2,,0.12,2.06,2.18,0.014,9,,N,1.6,,
33201130,2025/09/23,14,,0.001,0.008,0.009,0.3,,0.11,2.05,2.16,0.018,10,,NNW,0.8,,
33201130,2025/09/23,15,,0.001,0.007,0.008,0.2,,0.12,2.05,2.17,0.017,9,,NW,0.8,,
33201130,2025/09/23,16,,0.001,0.006,0.007,0.2,,0.11,2.03,2.14,0.013,7,,SE,1.0,,
33201130,2025/09/23,17,,0.001,0.005,0.006,0.2,,0.11,2.02,2.13,0.011,4,,ESE,1.0,,
33201130,2025/09/23,18,,0,0.004,0.004,0.2,,0.08,2.01,2.09,0.011,7,,E,1.5,,
33201130,2025/09/23,19,,0,0.004,0.004,0.2,,0.08,2.01,2.09,0.010,6,,E,0.6,,
33201130,2025/09/23,20,,0.001,0.004,0.005,0.2,,0.09,2.01,2.10,0.011,7,,N,0.6,,
33201130,2025/09/23,21,,0,0.003,0.003,0.2,,0.09,2.01,2.10,0.012,5,,NNW,0.9,,
33201130,2025/09/23,22,,0.001,0.003,0.004,0.2,,0.08,2.01,2.09,0.010,6,,N,1.1,,
33201130,2025/09/23,23,,0,0.002,0.002,0.2,,0.08,2.01,2.09,0.011,6,,N,1.2,,
33201130,2025/09/23,24,,0,0.002,0.002,0.2,,0.08,2.01,2.09,0.013,7,,SE,0.6,,
33201130,2025/09/24,01,,0,0.002,0.002,0.2,,0.09,2.01,2.10,0.013,5,,ENE,1.0,,
33201130,2025/09/24,02,,0,0.003,0.003,0.2,,0.08,2.01,2.09,0.014,8,,ESE,0.5,,
33201130,2025/09/24,03,,0.001,0.004,0.005,0.2,,0.08,2.02,2.10,0.013,8,,E,0.6,,
33201130,2025/09/24,04,,0,0.003,0.003,0.2,,0.08,2.02,2.10,0.014,8,,E,0.7,,
33201130,2025/09/24,05,,0.001,0.004,0.005,0.2,,0.08,2.02,2.10,0.013,7,,ESE,0.8,,
33201130,2025/09/24,06,,0.001,0.005,0.006,0.2,,0.09,2.03,2.12,0.012,7,,ESE,1.0,,
33201130,2025/09/24,07,,0.002,0.007,0.009,0.3,,0.09,2.03,2.12,0.014,8,,N,1.0,,
33201130,2025/09/24,08,,0.007,0.012,0.019,0.4,,0.11,2.04,2.15,0.013,9,,ESE,2.0,,
33201130,2025/09/24,09,,0.011,0.013,0.024,0.4,,0.12,2.05,2.17,0.015,9,,ESE,1.6,,
33201130,2025/09/24,10,,0.007,0.013,0.020,0.3,,0.13,2.06,2.19,0.016,7,,ESE,2.5,,
33201130,2025/09/24,11,,0.004,0.009,0.013,0.3,,0.11,2.04,2.15,0.014,8,,ESE,2.3,,
33201130,2025/09/24,12,,0.003,0.007,0.010,0.3,,0.10,2.02,2.12,0.012,7,,ESE,2.1,,
33201130,2025/09/24,13,,0.002,0.006,0.008,0.2,,0.09,2.01,2.10,0.011,7,,E,2.4,,
33201130,2025/09/24,14,,0.003,0.005,0.008,0.2,,0.09,2.01,2.10,0.011,4,,ESE,1.8,,
33201130,2025/09/24,15,,0.003,0.007,0.010,0.2,,0.09,2.00,2.09,0.010,5,,ESE,2.2,,
33201130,2025/09/24,16,,0.004,0.010,0.014,0.2,,0.09,2.00,2.09,0.014,5,,ESE,1.5,,
33201130,2025/09/24,17,,0.002,0.006,0.008,0.2,,0.11,2.01,2.12,0.014,6,,ESE,1.5,,
33201130,2025/09/24,18,,0.001,0.007,0.008,0.3,,0.11,2.03,2.14,0.014,6,,ESE,1.1,,
33201130,2025/09/24,19,,0.002,0.007,0.009,0.3,,0.11,2.03,2.14,0.013,6,,ESE,1.0,,
33201130,2025/09/24,20,,0.001,0.006,0.007,0.3,,0.10,2.02,2.12,0.013,6,,E,1.6,,
33201130,2025/09/24,21,,0.001,0.005,0.006,0.2,,0.10,2.02,2.12,0.013,5,,ESE,1.1,,
33201130,2025/09/24,22,,0.001,0.005,0.006,0.2,,0.10,2.03,2.13,0.012,6,,E,2.0,,
33201130,2025/09/24,23,,0.001,0.003,0.004,0.2,,0.08,2.02,2.10,0.011,3,,ESE,1.0,,
33201130,2025/09/24,24,,0,0.003,0.003,0.2,,0.09,2.02,2.11,0.012,5,,ESE,0.8,,
33201130,2025/09/25,01,,0,0.002,0.002,-,,0.08,2.02,2.10,0.012,4,,E,1.1,,
33201130,2025/09/25,02,,0,0.003,0.003,0.2,,0.08,2.02,2.10,0.012,4,,E,1.0,,
33201130,2025/09/25,03,,0,0.003,0.003,0.1,,0.07,2.02,2.09,0.012,3,,ESE,1.0,,
33201130,2025/09/25,04,,0.001,0.004,0.005,0.2,,0.08,2.02,2.10,0.013,4,,ESE,1.1,,
33201130,2025/09/25,05,,0,0.004,0.004,0.2,,0.08,2.03,2.11,0.013,4,,E,0.8,,
33201130,2025/09/25,06,,0,0.004,0.004,0.2,,0.08,2.03,2.11,0.015,4,,CALM,0.4,,
33201130,2025/09/25,07,,0.002,0.007,0.009,0.2,,0.08,2.02,2.10,0.013,7,,NNW,0.7,,
33201130,2025/09/25,08,,0.003,0.008,0.011,0.2,,0.10,2.03,2.13,0.011,4,,ESE,1.1,,
33201130,2025/09/25,09,,0.005,0.010,0.015,0.3,,0.11,2.03,2.14,0.011,3,,ESE,1.1,,
33201130,2025/09/25,10,,0.009,0.013,0.022,0.3,,0.11,2.01,2.12,0.011,4,,ESE,1.4,,
33201130,2025/09/25,11,,0.004,0.011,0.015,0.3,,0.12,2.01,2.13,0.012,5,,N,1.1,,
33201130,2025/09/25,12,,0.007,0.010,0.017,0.2,,0.11,2.00,2.11,0.010,5,,ESE,0.9,,
33201130,2025/09/25,13,,0.003,0.007,0.010,0.2,,0.10,2.00,2.10,0.008,3,,SSE,0.7,,
33201130,2025/09/25,14,,0.003,0.008,0.011,0.2,,0.10,2.00,2.10,0.009,4,,ESE,1.1,,
33201130,2025/09/25,15,,0.003,0.009,0.012,0.2,,0.11,2.01,2.12,0.007,4,,E,1.4,,
33201130,2025/09/25,16,,0.002,0.007,0.009,0.2,,0.10,2.02,2.12,0.006,3,,E,1.4,,
33201130,2025/09/25,17,,0.001,0.007,0.008,0.2,,0.10,2.03,2.13,0.006,3,,ESE,1.4,,
33201130,2025/09/25,18,,0.001,0.007,0.008,0.2,,0.09,2.03,2.12,0.006,2,,E,1.6,,
33201130,2025/09/25,19,,0.001,0.007,0.008,0.3,,0.12,2.03,2.15,0.009,4,,SE,0.5,,
33201130,2025/09/25,20,,0.001,0.006,0.007,0.2,,0.10,2.02,2.12,0.011,3,,ESE,0.7,,
33201130,2025/09/25,21,,0.001,0.007,0.008,0.2,,0.11,2.03,2.14,0.011,5,,NNW,0.5,,
33201130,2025/09/25,22,,0.001,0.007,0.008,0.2,,0.11,2.03,2.14,0.012,5,,N,0.6,,
33201130,2025/09/25,23,,0.001,0.006,0.007,0.2,,0.11,2.02,2.13,0.013,4,,CALM,0.4,,
33201130,2025/09/25,24,,0.001,0.006,0.007,0.2,,0.10,2.02,2.12,0.016,5,,CALM,0.1,,
33201130,2025/09/26,01,,0.001,0.005,0.006,0.2,,-,-,-,0.014,3,,CALM,0.4,,
33201130,2025/09/26,02,,0,0.005,0.005,0.2,,0.13,2.05,2.18,0.012,3,,CALM,0.4,,
33201130,2025/09/26,03,,0,0.005,0.005,0.2,,0.13,2.07,2.20,0.015,6,,NNW,0.7,,
33201130,2025/09/26,04,,0.001,0.006,0.007,0.2,,0.13,2.08,2.21,0.013,6,,CALM,0.1,,
33201130,2025/09/26,05,,0.002,0.005,0.007,0.2,,0.12,2.04,2.16,0.015,5,,ESE,0.6,,
33201130,2025/09/26,06,,0.002,0.007,0.009,0.2,,0.11,2.05,2.16,0.013,6,,CALM,0.2,,
33201130,2025/09/26,07,,0.002,0.006,0.008,0.2,,0.13,2.06,2.19,0.016,6,,CALM,0.1,,
33201130,2025/09/26,08,,0.004,0.006,0.010,0.2,,0.15,2.09,2.24,0.015,6,,N,0.5,,
33201130,2025/09/26,09,,0.003,0.006,0.009,0.3,,0.14,2.06,2.20,0.013,7,,SW,1.0,,
33201130,2025/09/26,10,,0.003,0.006,0.009,0.2,,0.13,2.03,2.16,0.013,7,,WNW,1.0,,
33201130,2025/09/26,11,,0.004,0.006,0.010,0.2,,0.10,2.01,2.11,0.013,7,,WNW,1.0,,
33201130,2025/09/26,12,,-,-,-,0.2,,-,-,-,0.015,7,,N,2.0,,
33201130,2025/09/26,13,,0.002,0.003,0.005,0.2,,-,-,-,-,6,,N,1.9,,
33201130,2025/09/26,14,,0.001,0.003,0.004,0.2,,0.12,1.96,2.08,0.009,1,,NNW,1.1,,
33201130,2025/09/26,15,,0.002,0.005,0.007,0.2,,0.12,1.95,2.07,0.009,4,,WNW,1.0,,
33201130,2025/09/26,16,,0.002,0.005,0.007,0.2,,0.12,1.95,2.07,0.009,4,,SW,1.1,,
33201130,2025/09/26,17,,0.001,0.004,0.005,0.2,,0.12,1.95,2.07,0.013,6,,W,1.3,,
33201130,2025/09/26,18,,0.002,0.015,0.017,0.5,,0.14,1.96,2.10,0.016,8,,SSW,1.9,,
33201130,2025/09/26,19,,0.002,0.009,0.011,0.3,,0.17,1.97,2.14,0.011,6,,N,1.5,,
33201130,2025/09/26,20,,0.002,0.006,0.008,0.2,,0.13,1.95,2.08,0.008,3,,SE,0.6,,
33201130,2025/09/26,21,,0.001,0.004,0.005,0.2,,0.12,1.95,2.07,0.008,3,,NNW,0.9,,
33201130,2025/09/26,22,,0,0.002,0.002,0.2,,0.10,1.95,2.05,0.009,3,,N,0.9,,
33201130,2025/09/26,23,,0,0.002,0.002,0.2,,0.10,1.96,2.06,0.011,5,,N,1.2,,
33201130,2025/09/26,24,,0,0.002,0.002,0.2,,0.10,1.96,2.06,0.008,5,,N,0.7,,
33201130,2025/09/27,01,,0,0.002,0.002,0.2,,0.10,1.96,2.06,0.011,1,,NNW,1.6,,
33201130,2025/09/27,02,,0,0.001,0.001,0.2,,0.10,1.98,2.08,0.009,5,,NNW,0.5,,
33201130,2025/09/27,03,,0,0.001,0.001,0.2,,0.10,1.98,2.08,0.010,4,,NW,0.9,,
33201130,2025/09/27,04,,0,0.002,0.002,0.2,,0.10,2.00,2.10,0.010,5,,ESE,1.2,,
33201130,2025/09/27,05,,0,0.002,0.002,0.2,,0.09,2.00,2.09,0.014,4,,NNW,0.6,,
33201130,2025/09/27,06,,0,0.002,0.002,0.2,,0.09,2.01,2.10,0.010,7,,NNW,1.0,,
33201130,2025/09/27,07,,0,0.003,0.003,0.2,,0.10,2.01,2.11,0.011,4,,NNW,0.8,,
33201130,2025/09/27,08,,0.001,0.003,0.004,0.2,,0.09,2.01,2.10,0.010,5,,N,1.2,,
33201130,2025/09/27,09,,0.001,0.004,0.005,0.2,,0.09,2.01,2.10,0.012,5,,WNW,0.7,,
33201130,2025/09/27,10,,0.001,0.003,0.004,0.2,,0.09,2.01,2.10,0.009,1,,NE,1.1,,
33201130,2025/09/27,11,,0.001,0.002,0.003,0.2,,0.08,2.01,2.09,0.009,4,,NNW,1.3,,
33201130,2025/09/27,12,,0.001,0.003,0.004,0.2,,0.08,2.01,2.09,0.010,5,,NNE,1.5,,
33201130,2025/09/27,13,,0.001,0.002,0.003,0.2,,0.08,2.01,2.09,0.008,6,,N,1.8,,
33201130,2025/09/27,14,,0,0.002,0.002,0.2,,0.08,2.01,2.09,0.010,6,,N,2.1,,
33201130,2025/09/27,15,,0.001,0.002,0.003,0.2,,0.08,2.02,2.10,0.009,6,,N,1.0,,
33201130,2025/09/27,16,,0.001,0.003,0.004,0.2,,0.08,2.02,2.10,0.009,7,,NNW,0.7,,
33201130,2025/09/27,17,,0,0.002,0.002,0.2,,0.08,2.02,2.10,0.009,5,,NNW,0.9,,
33201130,2025/09/27,18,,0,0.002,0.002,0.2,,0.08,2.02,2.10,0.009,8,,N,1.0,,
33201130,2025/09/27,19,,0.001,0.006,0.007,0.3,,0.10,2.03,2.13,0.011,10,,ESE,1.6,,
33201130,2025/09/27,20,,0.001,0.004,0.005,0.3,,0.11,2.03,2.14,0.011,6,,CALM,0.4,,
33201130,2025/09/27,21,,0,0.003,0.003,0.2,,0.10,2.03,2.13,0.010,5,,N,1.4,,
33201130,2025/09/27,22,,0,0.002,0.002,0.2,,0.10,2.03,2.13,0.010,3,,NNW,0.7,,
33201130,2025/09/27,23,,0,0.002,0.002,0.2,,0.09,2.04,2.13,0.010,4,,N,1.2,,
33201130,2025/09/27,24,,0,0.003,0.003,0.2,,0.10,2.04,2.14,0.009,5,,ENE,1.0,,
33201130,2025/09/28,01,,0,0.003,0.003,0.2,,0.10,2.05,2.15,0.009,4,,SE,0.7,,
33201130,2025/09/28,02,,0,0.003,0.003,0.2,,0.09,2.06,2.15,0.010,4,,N,1.2,,
33201130,2025/09/28,03,,0,0.002,0.002,0.2,,0.08,2.05,2.13,0.010,5,,N,1.4,,
33201130,2025/09/28,04,,0,0.002,0.002,0.2,,0.08,2.05,2.13,0.009,3,,ESE,1.5,,
33201130,2025/09/28,05,,0,0.002,0.002,0.2,,0.09,2.06,2.15,0.009,3,,N,0.8,,
33201130,2025/09/28,06,,0,0.002,0.002,0.2,,0.08,2.06,2.14,0.010,5,,N,0.9,,
33201130,2025/09/28,07,,0,0.002,0.002,0.2,,0.08,2.06,2.14,0.009,5,,NNW,1.2,,
33201130,2025/09/28,08,,0.001,0.002,0.003,0.2,,0.09,2.06,2.15,0.009,5,,N,1.3,,
33201130,2025/09/28,09,,0.002,0.003,0.005,0.2,,0.09,2.05,2.14,0.009,5,,N,1.0,,
33201130,2025/09/28,10,,0.002,0.005,0.007,0.3,,0.10,2.05,2.15,0.008,5,,E,1.7,,
33201130,2025/09/28,11,,0.001,0.004,0.005,0.2,,0.10,2.05,2.15,0.011,6,,N,1.2,,
33201130,2025/09/28,12,,0.001,0.004,0.005,0.2,,0.11,2.05,2.16,0.010,5,,N,1.0,,
33201130,2025/09/28,13,,0.001,0.004,0.005,0.3,,0.11,2.05,2.16,0.014,7,,ESE,0.9,,
33201130,2025/09/28,14,,0.001,0.005,0.006,0.3,,0.12,2.05,2.17,0.014,9,,E,0.7,,
33201130,2025/09/28,15,,0,0.004,0.004,0.3,,0.12,2.05,2.17,0.015,8,,E,0.8,,
33201130,2025/09/28,16,,0,0.004,0.004,0.3,,0.12,2.05,2.17,0.016,8,,NNW,1.6,,
33201130,2025/09/28,17,,0,0.003,0.003,0.3,,0.12,2.05,2.17,0.014,9,,NNW,1.6,,
33201130,2025/09/28,18,,0,0.005,0.005,0.3,,0.17,2.05,2.22,0.014,8,,NNW,0.8,,
33201130,2025/09/28,19,,0,0.004,0.004,0.3,,0.15,2.05,2.20,0.015,9,,E,0.9,,
33201130,2025/09/28,20,,0,0.005,0.005,0.3,,0.18,2.06,2.24,0.016,9,,NW,0.7,,
33201130,2025/09/28,21,,0.001,0.005,0.006,0.3,,0.19,2.06,2.25,0.015,8,,W,0.8,,
33201130,2025/09/28,22,,0,0.006,0.006,0.3,,0.16,2.07,2.23,0.016,9,,CALM,0.3,,
33201130,2025/09/28,23,,0,0.007,0.007,0.3,,0.15,2.08,2.23,0.016,9,,NNW,0.6,,
33201130,2025/09/28,24,,0,0.006,0.006,0.3,,0.15,2.09,2.24,0.015,9,,CALM,0.4,,
33201130,2025/09/29,01,,-,-,-,0.3,,0.13,2.08,2.21,0.014,10,,N,0.7,,
33201130,2025/09/29,02,,0.001,0.005,0.006,0.3,,0.13,2.10,2.23,0.018,9,,CALM,0.1,,
33201130,2025/09/29,03,,0.001,0.006,0.007,0.3,,0.15,2.11,2.26,0.019,11,,CALM,0.4,,
33201130,2025/09/29,04,,0.001,0.006,0.007,0.3,,0.16,2.12,2.28,0.019,12,,N,0.5,,
33201130,2025/09/29,05,,0.001,0.006,0.007,0.3,,0.15,2.14,2.29,0.019,10,,N,0.6,,
33201130,2025/09/29,06,,0.002,0.008,0.010,0.3,,0.16,2.07,2.23,0.019,11,,WSW,0.7,,
33201130,2025/09/29,07,,0.003,0.009,0.012,0.3,,0.12,2.04,2.16,0.019,8,,W,0.7,,
33201130,2025/09/29,08,,0.005,0.010,0.015,0.3,,0.12,2.04,2.16,0.015,9,,NNW,0.9,,
33201130,2025/09/29,09,,0.001,0.005,0.006,0.2,,0.11,2.03,2.14,0.007,2,,NNW,1.4,,
33201130,2025/09/29,10,,0,0.003,0.003,0.2,,0.10,2.03,2.13,0.008,3,,NNW,1.3,,
33201130,2025/09/29,11,,0.001,0.005,0.006,0.3,,0.10,2.04,2.14,0.008,3,,NW,1.6,,
33201130,2025/09/29,12,,0.002,0.005,0.007,0.3,,0.10,2.04,2.14,0.010,3,,W,2.4,,
33201130,2025/09/29,13,,0,0.002,0.002,0.2,,0.09,2.04,2.13,0.010,5,,NNW,2.4,,
33201130,2025/09/29,14,,0,0.002,0.002,0.2,,0.09,2.03,2.12,0.008,4,,N,3.8,,
33201130,2025/09/29,15,,0,0.002,0.002,0.2,,0.09,2.03,2.12,0.008,3,,NNW,2.6,,
33201130,2025/09/29,16,,0,0.002,0.002,0.2,,0.09,2.02,2.11,0.011,4,,NNW,2.6,,
33201130,2025/09/29,17,,0,0.003,0.003,0.2,,0.08,2.02,2.10,0.007,4,,NNW,2.6,,
33201130,2025/09/29,18,,0,0.002,0.002,0.2,,0.08,2.02,2.10,0.009,6,,N,3.2,,
33201130,2025/09/29,19,,0,0.002,0.002,0.2,,0.07,2.01,2.08,0.008,4,,NNW,2.9,,
33201130,2025/09/29,20,,0,0.001,0.001,0.2,,0.07,2.01,2.08,0.008,3,,N,1.8,,
33201130,2025/09/29,21,,0,0.002,0.002,0.2,,0.07,2.01,2.08,0.010,4,,NW,2.3,,
33201130,2025/09/29,22,,0,0.002,0.002,0.2,,0.07,2.01,2.08,0.008,4,,NNW,1.6,,
33201130,2025/09/29,23,,0,0.002,0.002,0.2,,0.08,2.01,2.09,0.010,6,,NNW,1.6,,
33201130,2025/09/29,24,,0,0.002,0.002,0.2,,0.09,2.01,2.10,0.008,5,,W,0.6,,
33201130,2025/09/30,01,,0,0.005,0.005,0.2,,0.09,2.02,2.11,0.008,3,,WNW,0.7,,
33201130,2025/09/30,02,,0,0.005,0.005,0.2,,0.11,2.05,2.16,0.012,5,,NNE,0.5,,
33201130,2025/09/30,03,,0,0.005,0.005,0.2,,0.11,2.04,2.15,0.010,4,,NW,0.8,,
33201130,2025/09/30,04,,0,0.004,0.004,0.2,,0.11,2.03,2.14,0.009,6,,W,0.7,,
33201130,2025/09/30,05,,0,0.007,0.007,0.2,,0.11,2.04,2.15,0.010,5,,WNW,0.7,,
33201130,2025/09/30,06,,0,0.008,0.008,0.2,,0.11,2.04,2.15,0.010,6,,NNW,0.8,,
33201130,2025/09/30,07,,0.001,0.011,0.012,0.2,,0.10,2.05,2.15,0.011,5,,NNW,0.6,,
33201130,2025/09/30,08,,0.003,0.010,0.013,0.2,,0.12,2.06,2.18,0.012,5,,NNW,1.0,,
33201130,2025/09/30,09,,0.001,0.004,0.005,0.2,,0.12,2.04,2.16,0.014,8,,NW,0.9,,
33201130,2025/09/30,10,,0.001,0.003,0.004,0.2,,0.11,2.04,2.15,0.011,9,,N,1.7,,
33201130,2025/09/30,11,,0.003,0.005,0.008,0.2,,0.10,2.03,2.13,0.010,6,,N,2.3,,
33201130,2025/09/30,12,,0.001,0.002,0.003,0.2,,0.09,2.03,2.12,0.009,6,,SSW,1.1,,
33201130,2025/09/30,13,,0.001,0.008,0.009,0.3,,0.10,2.04,2.14,0.013,8,,SSW,2.8,,
33201130,2025/09/30,14,,0.001,0.011,0.012,0.3,,0.13,2.06,2.19,0.016,10,,NW,0.9,,
33201130,2025/09/30,15,,0.002,0.010,0.012,0.3,,0.12,2.05,2.17,0.016,11,,SW,1.4,,
33201130,2025/09/30,16,,0.002,0.007,0.009,0.2,,0.10,2.04,2.14,0.013,7,,W,1.6,,
33201130,2025/09/30,17,,0.001,0.004,0.005,0.2,,0.09,2.03,2.12,0.011,8,,N,1.5,,
33201130,2025/09/30,18,,0,0.005,0.005,0.2,,0.09,2.03,2.12,0.015,8,,N,1.0,,
33201130,2025/09/30,19,,0.001,0.004,0.005,0.2,,0.12,2.04,2.16,0.013,8,,N,1.2,,
33201130,2025/09/30,20,,0.001,0.003,0.004,0.2,,0.10,2.03,2.13,0.013,9,,N,1.4,,
33201130,2025/09/30,21,,0,0.003,0.003,0.2,,0.10,2.03,2.13,0.012,7,,NNW,1.3,,
33201130,2025/09/30,22,,0,0.002,0.002,0.2,,0.16,2.03,2.19,0.013,6,,NW,0.6,,
33201130,2025/09/30,23,,0,0.003,0.003,0.2,,0.16,2.03,2.19,0.012,7,,NW,0.6,,
33201130,2025/09/30,24,,0,0.003,0.003,0.2,,0.16,2.03,2.19,0.012,7,,NNW,0.6,,
