測定局コード,日付,時,SO2(ppm),NO(ppm),NO2(ppm),NOx(ppm),CO(ppm),Ox(ppm),NMHC(ppmC),CH4(ppmC),THC(ppmC),SPM(mg/m3),PM2.5(μg/m3),SP(mg/m3),WD(16Dir),WS(m/s),TEMP(℃),HUM(％)
23222020,2025/09/01,01,-,-,-,-,,-,,,,0.025,17,,NE,0.7,,
23222020,2025/09/01,02,0.001,0.001,0.004,0.005,,0.036,,,,0.025,16,,E,1.0,,
23222020,2025/09/01,03,0,0,0.004,0.004,,0.035,,,,0.023,15,,ESE,2.0,,
23222020,2025/09/01,04,0,0,0.003,0.003,,0.033,,,,0.019,12,,E,1.8,,
23222020,2025/09/01,05,0,0,0.004,0.004,,0.028,,,,0.017,12,,ESE,2.0,,
23222020,2025/09/01,06,0,0,0.005,0.005,,0.023,,,,0.019,12,,NE,1.4,,
23222020,2025/09/01,07,0,0.001,0.008,0.009,,0.023,,,,0.018,11,,ENE,1.5,,
23222020,2025/09/01,08,0,0.002,0.009,0.011,,0.018,,,,0.018,13,,ESE,1.0,,
23222020,2025/09/01,09,0,0.002,0.004,0.006,,0.014,,,,0.010,4,,SE,1.6,,
23222020,2025/09/01,10,0,0.002,0.005,0.007,,0.018,,,,0.012,11,,SSE,1.8,,
23222020,2025/09/01,11,0,0.001,0.004,0.005,,0.026,,,,0.013,9,,SSW,2.1,,
23222020,2025/09/01,12,0.001,0.001,0.004,0.005,,0.034,,,,0.014,10,,S,2.6,,
23222020,2025/09/01,13,0.001,0.001,0.004,0.005,,0.041,,,,0.014,9,,SE,2.3,,
23222020,2025/09/01,14,0.001,0,0.004,0.004,,0.047,,,,0.019,16,,S,4.5,,
23222020,2025/09/01,15,0.004,0.001,0.007,0.008,,0.048,,,,0.018,14,,SSE,5.0,,
23222020,2025/09/01,16,0.004,0.001,0.006,0.007,,0.039,,,,0.017,13,,SSE,4.8,,
23222020,2025/09/01,17,0.001,0.001,0.005,0.006,,0.023,,,,0.012,10,,S,4.8,,
23222020,2025/09/01,18,0.002,0.001,0.008,0.009,,0.015,,,,0.009,6,,SSE,3.8,,
23222020,2025/09/01,19,0.001,0,0.008,0.008,,0.010,,,,0.007,4,,SSE,3.3,,
23222020,2025/09/01,20,0.001,0,0.006,0.006,,0.008,,,,0.008,3,,SE,2.3,,
23222020,2025/09/01,21,0,0,0.005,0.005,,0.008,,,,0.009,5,,SE,2.9,,
23222020,2025/09/01,22,0,0,0.004,0.004,,0.008,,,,0.007,3,,SE,3.2,,
23222020,2025/09/01,23,0,0.001,0.004,0.005,,0.006,,,,0.008,3,,SE,2.5,,
23222020,2025/09/01,24,0,0,0.005,0.005,,0.005,,,,0.007,3,,ESE,2.6,,
23222020,2025/09/02,01,0,0,0.005,0.005,,0.005,,,,0.008,4,,SE,1.6,,
23222020,2025/09/02,02,0,0.001,0.006,0.007,,0.004,,,,0.008,3,,ESE,1.7,,
23222020,2025/09/02,03,0,0.001,0.005,0.006,,0.005,,,,0.007,2,,ENE,1.2,,
23222020,2025/09/02,04,0,0,0.004,0.004,,0.006,,,,0.007,2,,E,1.5,,
23222020,2025/09/02,05,0,0.001,0.005,0.006,,0.005,,,,0.006,4,,E,0.8,,
23222020,2025/09/02,06,0,0.001,0.006,0.007,,0.004,,,,0.007,3,,E,1.4,,
23222020,2025/09/02,07,0,0.003,0.006,0.009,,0.005,,,,0.010,3,,ESE,2.3,,
23222020,2025/09/02,08,0,0.002,0.004,0.006,,0.009,,,,0.008,3,,SE,1.3,,
23222020,2025/09/02,09,0,0.002,0.005,0.007,,0.014,,,,0.010,6,,ENE,1.2,,
23222020,2025/09/02,10,0.001,0.005,0.012,0.017,,0.016,,,,0.015,13,,NNE,1.0,,
23222020,2025/09/02,11,0.003,0.007,0.017,0.024,,0.020,,,,0.020,14,,NNW,1.5,,
23222020,2025/09/02,12,0.003,0.005,0.013,0.018,,0.032,,,,0.016,11,,SW,2.0,,
23222020,2025/09/02,13,0.002,0.003,0.009,0.012,,0.040,,,,0.014,9,,SW,3.1,,
23222020,2025/09/02,14,0.001,0.001,0.004,0.005,,0.043,,,,0.012,10,,SW,3.2,,
23222020,2025/09/02,15,0.001,0.001,0.005,0.006,,0.040,,,,0.014,10,,S,4.8,,
23222020,2025/09/02,16,0.003,0.002,0.008,0.010,,0.027,,,,0.009,6,,S,5.8,,
23222020,2025/09/02,17,0.004,0.002,0.008,0.010,,0.022,,,,0.009,8,,S,5.1,,
23222020,2025/09/02,18,0.002,0.001,0.008,0.009,,0.016,,,,0.010,8,,SSE,4.0,,
23222020,2025/09/02,19,0.001,0.001,0.008,0.009,,0.012,,,,0.009,5,,SSE,2.0,,
23222020,2025/09/02,20,0,0,0.004,0.004,,0.012,,,,0.009,5,,SSE,2.8,,
23222020,2025/09/02,21,0,0,0.003,0.003,,0.012,,,,0.007,5,,SE,2.1,,
23222020,2025/09/02,22,0,0,0.005,0.005,,0.010,,,,0.008,5,,ESE,2.2,,
23222020,2025/09/02,23,0,0,0.006,0.006,,0.007,,,,0.010,4,,ENE,0.5,,
23222020,2025/09/02,24,0,0.001,0.005,0.006,,0.006,,,,0.011,5,,SE,0.8,,
23222020,2025/09/03,01,0,0,0.005,0.005,,0.008,,,,0.011,5,,S,0.9,,
23222020,2025/09/03,02,0,0,0.004,0.004,,0.017,,,,0.011,6,,ESE,0.7,,
23222020,2025/09/03,03,0,0,0.006,0.006,,0.012,,,,0.010,5,,SE,1.4,,
23222020,2025/09/03,04,0,0,0.007,0.007,,0.011,,,,0.013,8,,W,0.4,,
23222020,2025/09/03,05,0,0.001,0.009,0.010,,0.010,,,,0.014,8,,S,0.7,,
23222020,2025/09/03,06,0,0.001,0.008,0.009,,0.008,,,,0.015,7,,SW,0.5,,
23222020,2025/09/03,07,0.001,0.008,0.015,0.023,,0.004,,,,0.021,8,,NNW,1.8,,
23222020,2025/09/03,08,0.001,0.007,0.014,0.021,,0.008,,,,0.015,7,,NNW,1.1,,
23222020,2025/09/03,09,0.001,0.010,0.016,0.026,,0.014,,,,0.014,10,,N,2.8,,
23222020,2025/09/03,10,0.001,0.006,0.016,0.022,,0.023,,,,0.017,13,,NW,2.2,,
23222020,2025/09/03,11,0.003,0.005,0.020,0.025,,0.032,,,,0.023,18,,NW,1.8,,
23222020,2025/09/03,12,0.003,0.007,0.020,0.027,,0.038,,,,0.021,17,,WSW,3.1,,
23222020,2025/09/03,13,0.001,0.005,0.015,0.020,,0.044,,,,0.019,14,,WSW,3.0,,
23222020,2025/09/03,14,0.001,0.003,0.012,0.015,,0.045,,,,0.018,12,,WSW,3.1,,
23222020,2025/09/03,15,0.001,0.001,0.006,0.007,,0.053,,,,0.017,13,,S,4.2,,
23222020,2025/09/03,16,0.001,0,0.005,0.005,,0.051,,,,0.021,16,,S,5.1,,
23222020,2025/09/03,17,0,0,0.004,0.004,,0.043,,,,0.020,16,,S,3.8,,
23222020,2025/09/03,18,0,0,0.004,0.004,,0.025,,,,0.022,16,,S,2.7,,
23222020,2025/09/03,19,0,0,0.004,0.004,,0.016,,,,0.013,9,,S,2.6,,
23222020,2025/09/03,20,0,0,0.006,0.006,,0.010,,,,0.009,6,,ESE,2.3,,
23222020,2025/09/03,21,0,0,0.006,0.006,,0.010,,,,0.007,4,,ESE,3.0,,
23222020,2025/09/03,22,0,0,0.004,0.004,,0.009,,,,0.008,3,,ESE,3.1,,
23222020,2025/09/03,23,0,0,0.003,0.003,,0.009,,,,0.006,3,,SE,2.0,,
23222020,2025/09/03,24,0,0,0.004,0.004,,0.008,,,,0.005,2,,ESE,2.2,,
23222020,2025/09/04,01,0,0,0.003,0.003,,0.007,,,,0.004,2,,ESE,1.5,,
23222020,2025/09/04,02,0,0,0.004,0.004,,0.007,,,,0.005,2,,ESE,1.9,,
23222020,2025/09/04,03,0,0,0.004,0.004,,0.006,,,,0.006,3,,ESE,2.0,,
23222020,2025/09/04,04,0,0.001,0.004,0.005,,0.006,,,,0.008,3,,SE,1.2,,
23222020,2025/09/04,05,0,0.001,0.005,0.006,,0.005,,,,0.006,3,,S,1.5,,
23222020,2025/09/04,06,0,0.001,0.005,0.006,,0.005,,,,0.006,2,,SE,1.9,,
23222020,2025/09/04,07,0,0.001,0.004,0.005,,0.005,,,,0.008,2,,ESE,2.7,,
23222020,2025/09/04,08,0,0.003,0.005,0.008,,0.006,,,,0.006,4,,SE,1.9,,
23222020,2025/09/04,09,0,0.002,0.005,0.007,,0.008,,,,0.008,4,,SE,2.9,,
23222020,2025/09/04,10,0,0.002,0.005,0.007,,0.009,,,,0.007,4,,SSE,2.4,,
23222020,2025/09/04,11,0.001,0.002,0.005,0.007,,0.011,,,,0.005,6,,SE,2.5,,
23222020,2025/09/04,12,0.002,0.002,0.005,0.007,,0.014,,,,0.008,8,,SSE,3.3,,
23222020,2025/09/04,13,0,0.001,0.003,0.004,,0.018,,,,0.007,6,,S,5.0,,
23222020,2025/09/04,14,0.001,0.001,0.004,0.005,,0.016,,,,0.006,4,,SSE,5.3,,
23222020,2025/09/04,15,0.001,0.001,0.004,0.005,,0.016,,,,0.005,4,,SSE,5.0,,
23222020,2025/09/04,16,0,0.001,0.003,0.004,,0.015,,,,0.007,5,,SSE,3.3,,
23222020,2025/09/04,17,0,0.001,0.002,0.003,,0.012,,,,0.007,5,,SE,3.5,,
23222020,2025/09/04,18,0,0.001,0.002,0.003,,0.010,,,,0.005,3,,SSE,2.3,,
23222020,2025/09/04,19,0,0,0.004,0.004,,0.008,,,,0.005,2,,ESE,2.5,,
23222020,2025/09/04,20,0,0.001,0.004,0.005,,0.007,,,,0.007,4,,ESE,2.4,,
23222020,2025/09/04,21,0,0.001,0.004,0.005,,0.006,,,,0.006,2,,SE,2.3,,
23222020,2025/09/04,22,0,0.001,0.004,0.005,,0.006,,,,0.007,2,,ESE,2.5,,
23222020,2025/09/04,23,0,0.001,0.005,0.006,,0.004,,,,0.005,2,,ENE,1.9,,
23222020,2025/09/04,24,0,0.001,0.006,0.007,,0.003,,,,0.007,2,,ENE,3.1,,
23222020,2025/09/05,01,0,0.001,0.006,0.007,,0.003,,,,0.005,2,,E,3.0,,
23222020,2025/09/05,02,0,0.001,0.006,0.007,,0.003,,,,0.004,3,,ENE,2.6,,
23222020,2025/09/05,03,0,0.001,0.005,0.006,,0.002,,,,0.006,2,,ENE,2.6,,
23222020,2025/09/05,04,0,0.001,0.004,0.005,,0.003,,,,0.004,1,,ENE,2.9,,
23222020,2025/09/05,05,0,0.001,0.004,0.005,,0.003,,,,0.004,1,,E,2.1,,
23222020,2025/09/05,06,0,0.001,0.006,0.007,,0.002,,,,0.003,1,,SE,5.9,,
23222020,2025/09/05,07,0,0,0.002,0.002,,0.008,,,,0.007,1,,S,4.8,,
23222020,2025/09/05,08,0,0.003,0.006,0.009,,0.004,,,,0.009,3,,SE,0.8,,
23222020,2025/09/05,09,0,0.002,0.005,0.007,,0.005,,,,0.009,2,,NNE,1.9,,
23222020,2025/09/05,10,0,0.013,0.010,0.023,,0.004,,,,0.009,3,,SE,1.3,,
23222020,2025/09/05,11,0,0.008,0.007,0.015,,0.005,,,,0.007,2,,NE,2.8,,
23222020,2025/09/05,12,0,0.005,0.006,0.011,,0.008,,,,0.006,1,,N,4.9,,
23222020,2025/09/05,13,0,0.007,0.011,0.018,,0.010,,,,0.010,3,,N,5.2,,
23222020,2025/09/05,14,0.001,0.010,0.011,0.021,,0.012,,,,0.017,9,,NW,5.2,,
23222020,2025/09/05,15,0.001,0.012,0.015,0.027,,0.011,,,,0.016,13,,WNW,3.2,,
23222020,2025/09/05,16,0.002,0.012,0.012,0.024,,0.012,,,,0.009,7,,WNW,4.5,,
23222020,2025/09/05,17,0.001,0.010,0.011,0.021,,0.010,,,,0.010,7,,WNW,4.1,,
23222020,2025/09/05,18,0,0.005,0.012,0.017,,0.008,,,,0.010,7,,WNW,4.7,,
23222020,2025/09/05,19,0.002,0.004,0.016,0.020,,0.004,,,,0.017,10,,WNW,2.2,,
23222020,2025/09/05,20,0.005,0.002,0.012,0.014,,0.007,,,,0.018,10,,NW,4.1,,
23222020,2025/09/05,21,0.004,0.011,0.017,0.028,,0.003,,,,0.025,15,,NW,3.7,,
23222020,2025/09/05,22,0.005,0.008,0.017,0.025,,0.003,,,,0.033,20,,NW,3.4,,
23222020,2025/09/05,23,0.004,0.008,0.018,0.026,,0.003,,,,0.041,23,,NW,2.4,,
23222020,2025/09/05,24,0.005,0.002,0.014,0.016,,0.007,,,,0.019,12,,W,3.3,,
23222020,2025/09/06,01,0.003,0.001,0.014,0.015,,0.009,,,,0.017,10,,WNW,3.0,,
23222020,2025/09/06,02,0.009,0.002,0.019,0.021,,0.007,,,,0.024,15,,W,1.9,,
23222020,2025/09/06,03,0.006,0.001,0.016,0.017,,0.012,,,,0.020,12,,WNW,2.6,,
23222020,2025/09/06,04,0.005,0.006,0.024,0.030,,0.006,,,,0.046,27,,NNW,1.2,,
23222020,2025/09/06,05,0.004,0.001,0.016,0.017,,0.017,,,,0.022,10,,NNW,4.5,,
23222020,2025/09/06,06,0.005,0.001,0.020,0.021,,0.018,,,,0.020,12,,N,3.5,,
23222020,2025/09/06,07,0.001,0.001,0.010,0.011,,0.027,,,,0.012,7,,N,4.3,,
23222020,2025/09/06,08,0,0.002,0.009,0.011,,0.029,,,,0.016,7,,N,2.7,,
23222020,2025/09/06,09,0,0.003,0.011,0.014,,0.031,,,,0.011,8,,N,2.5,,
23222020,2025/09/06,10,0,0.001,0.007,0.008,,0.036,,,,0.008,9,,NNE,1.6,,
23222020,2025/09/06,11,0,0.001,0.007,0.008,,0.038,,,,0.012,10,,ESE,1.2,,
23222020,2025/09/06,12,0.001,0.001,0.006,0.007,,0.048,,,,0.012,11,,S,2.6,,
23222020,2025/09/06,13,0.001,0.001,0.005,0.006,,0.053,,,,0.017,11,,S,4.3,,
23222020,2025/09/06,14,0.001,0.001,0.004,0.005,,0.044,,,,0.016,11,,SE,3.7,,
23222020,2025/09/06,15,0.001,0.001,0.004,0.005,,0.038,,,,0.014,10,,S,3.7,,
23222020,2025/09/06,16,0.001,0.001,0.005,0.006,,0.037,,,,0.014,9,,SSE,3.8,,
23222020,2025/09/06,17,0.001,0.001,0.005,0.006,,0.033,,,,0.015,10,,SSE,4.0,,
23222020,2025/09/06,18,0.001,0,0.006,0.006,,0.034,,,,0.015,8,,S,3.9,,
23222020,2025/09/06,19,0.001,0,0.004,0.004,,0.035,,,,0.014,7,,SSE,3.0,,
23222020,2025/09/06,20,0,0,0.003,0.003,,0.033,,,,0.015,8,,SSE,2.7,,
23222020,2025/09/06,21,0,0,0.004,0.004,,0.028,,,,0.013,7,,SE,2.0,,
23222020,2025/09/06,22,0,0,0.004,0.004,,0.024,,,,0.013,6,,ESE,1.8,,
23222020,2025/09/06,23,0,0,0.004,0.004,,0.023,,,,0.012,6,,ESE,2.1,,
23222020,2025/09/06,24,0,0,0.004,0.004,,0.021,,,,0.013,4,,ESE,1.2,,
23222020,2025/09/07,01,0,0,0.005,0.005,,0.018,,,,0.015,6,,E,1.1,,
23222020,2025/09/07,02,0,0,0.005,0.005,,0.016,,,,0.012,4,,E,1.3,,
23222020,2025/09/07,03,0,0,0.005,0.005,,0.015,,,,0.013,5,,E,2.4,,
23222020,2025/09/07,04,0,0.001,0.004,0.005,,0.012,,,,0.014,6,,E,0.9,,
23222020,2025/09/07,05,0,0,0.004,0.004,,0.011,,,,0.013,5,,ESE,1.0,,
23222020,2025/09/07,06,0,0.001,0.007,0.008,,0.008,,,,0.016,6,,E,1.5,,
23222020,2025/09/07,07,0,0.001,0.003,0.004,,0.011,,,,0.013,6,,ENE,1.2,,
23222020,2025/09/07,08,0,0.001,0.003,0.004,,0.017,,,,0.014,7,,ENE,1.2,,
23222020,2025/09/07,09,0,0.001,0.003,0.004,,0.028,,,,0.015,9,,ENE,0.8,,
23222020,2025/09/07,10,0.001,0.003,0.011,0.014,,0.030,,,,0.019,11,,WSW,2.1,,
23222020,2025/09/07,11,0.002,0.002,0.011,0.013,,0.040,,,,0.023,14,,W,1.9,,
23222020,2025/09/07,12,0.003,0.003,0.015,0.018,,0.041,,,,0.025,19,,SW,1.2,,
23222020,2025/09/07,13,0.006,0.004,0.020,0.024,,0.044,,,,0.027,20,,W,2.2,,
23222020,2025/09/07,14,0.001,0.001,0.006,0.007,,0.051,,,,0.020,17,,WSW,2.8,,
23222020,2025/09/07,15,0,0.001,0.009,0.010,,0.050,,,,0.022,15,,W,2.9,,
23222020,2025/09/07,16,0.002,0.001,0.007,0.008,,0.052,,,,0.020,15,,WSW,2.2,,
23222020,2025/09/07,17,0.002,0,0.007,0.007,,0.046,,,,0.019,16,,SSW,2.2,,
23222020,2025/09/07,18,0,0,0.004,0.004,,0.043,,,,0.018,12,,S,2.5,,
23222020,2025/09/07,19,0,0,0.003,0.003,,0.039,,,,0.022,13,,S,1.7,,
23222020,2025/09/07,20,0,0,0.003,0.003,,0.035,,,,0.020,13,,SW,1.2,,
23222020,2025/09/07,21,0,0,0.004,0.004,,0.033,,,,0.017,12,,SSE,1.4,,
23222020,2025/09/07,22,0,0,0.004,0.004,,0.028,,,,0.017,10,,SSE,1.0,,
23222020,2025/09/07,23,0,0,0.006,0.006,,0.023,,,,0.018,12,,SE,0.6,,
23222020,2025/09/07,24,0,0,0.006,0.006,,0.021,,,,0.016,10,,ESE,0.9,,
23222020,2025/09/08,01,-,-,-,-,,-,,,,0.018,9,,ESE,0.7,,
23222020,2025/09/08,02,0.001,0.001,0.005,0.006,,0.019,,,,0.017,10,,NNE,0.4,,
23222020,2025/09/08,03,0,0,0.005,0.005,,0.017,,,,0.018,12,,SE,0.8,,
23222020,2025/09/08,04,0,0.001,0.006,0.007,,0.011,,,,0.019,11,,NE,0.3,,
23222020,2025/09/08,05,0,0.001,0.006,0.007,,0.010,,,,0.021,11,,SSE,0.6,,
23222020,2025/09/08,06,0,0.001,0.009,0.010,,0.005,,,,0.021,10,,SE,0.5,,
23222020,2025/09/08,07,0,0.003,0.015,0.018,,0.010,,,,0.025,12,,CALM,0.2,,
23222020,2025/09/08,08,0.001,0.007,0.023,0.030,,0.014,,,,0.024,13,,N,1.3,,
23222020,2025/09/08,09,0.003,0.013,0.025,0.038,,0.014,,,,0.029,18,,NNW,1.5,,
23222020,2025/09/08,10,0.004,0.008,0.021,0.029,,0.024,,,,0.028,22,,W,2.4,,
23222020,2025/09/08,11,0.003,0.005,0.014,0.019,,0.032,,,,0.026,20,,WSW,1.7,,
23222020,2025/09/08,12,0.003,0.004,0.012,0.016,,0.036,,,,0.024,21,,W,2.6,,
23222020,2025/09/08,13,0.002,0.004,0.013,0.017,,0.043,,,,0.024,20,,WSW,2.9,,
23222020,2025/09/08,14,0.002,0.003,0.012,0.015,,0.042,,,,0.022,16,,W,3.0,,
23222020,2025/09/08,15,0.003,0.005,0.016,0.021,,0.032,,,,0.022,17,,WNW,2.4,,
23222020,2025/09/08,16,0.002,0.007,0.015,0.022,,0.029,,,,0.018,18,,NW,2.1,,
23222020,2025/09/08,17,0.003,0.007,0.020,0.027,,0.024,,,,0.024,16,,NNW,3.1,,
23222020,2025/09/08,18,0.003,0.002,0.015,0.017,,0.026,,,,0.023,15,,NNW,2.4,,
23222020,2025/09/08,19,0.005,0.002,0.027,0.029,,0.014,,,,0.041,28,,NW,3.5,,
23222020,2025/09/08,20,0.008,0.002,0.030,0.032,,0.011,,,,0.038,26,,NW,2.1,,
23222020,2025/09/08,21,0.004,0.001,0.021,0.022,,0.018,,,,0.025,20,,NNW,2.1,,
23222020,2025/09/08,22,0.004,0.002,0.028,0.030,,0.012,,,,0.040,27,,NW,2.8,,
23222020,2025/09/08,23,0.004,0.001,0.022,0.023,,0.016,,,,0.033,25,,NW,1.6,,
23222020,2025/09/08,24,0.007,0.001,0.024,0.025,,0.015,,,,0.030,20,,SW,1.4,,
23222020,2025/09/09,01,0.001,0,0.009,0.009,,0.020,,,,0.020,12,,SSE,1.4,,
23222020,2025/09/09,02,0.001,0,0.011,0.011,,0.021,,,,0.018,10,,SW,1.3,,
23222020,2025/09/09,03,0.001,0,0.014,0.014,,0.017,,,,0.019,12,,WSW,2.3,,
23222020,2025/09/09,04,0.001,0,0.012,0.012,,0.018,,,,0.016,11,,ESE,0.8,,
23222020,2025/09/09,05,0.001,0.001,0.017,0.018,,0.005,,,,0.017,12,,ESE,0.3,,
23222020,2025/09/09,06,0,0.002,0.017,0.019,,0.002,,,,0.019,10,,E,0.6,,
23222020,2025/09/09,07,0.001,0.007,0.014,0.021,,0.004,,,,0.018,9,,ENE,1.0,,
23222020,2025/09/09,08,0.001,0.006,0.013,0.019,,0.012,,,,0.018,9,,NE,0.5,,
23222020,2025/09/09,09,0.001,0.006,0.019,0.025,,0.019,,,,0.024,16,,ESE,1.1,,
23222020,2025/09/09,10,-,-,-,-,,-,,,,-,22,,W,2.1,,
23222020,2025/09/09,11,0.002,0.006,0.016,0.022,,0.031,,,,0.020,-,,W,1.8,,
23222020,2025/09/09,12,0.003,0.004,0.013,0.017,,0.042,,,,0.018,19,,WSW,2.3,,
23222020,2025/09/09,13,0.001,0.003,0.010,0.013,,0.044,,,,0.020,16,,W,2.4,,
23222020,2025/09/09,14,0.002,0.003,0.010,0.013,,0.051,,,,0.021,16,,WSW,2.3,,
23222020,2025/09/09,15,0.001,0.002,0.007,0.009,,0.050,,,,0.019,17,,S,2.5,,
23222020,2025/09/09,16,0.001,0,0.005,0.005,,0.057,,,,0.021,17,,S,3.9,,
23222020,2025/09/09,17,0.001,0,0.007,0.007,,0.050,,,,0.021,15,,S,3.7,,
23222020,2025/09/09,18,0.002,0.001,0.011,0.012,,0.042,,,,0.024,19,,S,2.7,,
23222020,2025/09/09,19,0.001,0,0.009,0.009,,0.036,,,,0.024,18,,SE,1.6,,
23222020,2025/09/09,20,0.002,0.001,0.016,0.017,,0.018,,,,0.024,18,,ESE,2.6,,
23222020,2025/09/09,21,0.001,0,0.011,0.011,,0.015,,,,0.024,17,,SSE,1.8,,
23222020,2025/09/09,22,0,0.001,0.008,0.009,,0.016,,,,0.028,19,,E,1.5,,
23222020,2025/09/09,23,0,0.001,0.006,0.007,,0.017,,,,0.033,19,,ESE,2.2,,
23222020,2025/09/09,24,0,0.001,0.006,0.007,,0.015,,,,0.034,20,,ESE,1.6,,
23222020,2025/09/10,01,0,0.001,0.006,0.007,,0.013,,,,0.030,18,,ESE,1.5,,
23222020,2025/09/10,02,0,0.001,0.006,0.007,,0.013,,,,0.030,17,,ESE,1.3,,
23222020,2025/09/10,03,0,0.001,0.009,0.010,,0.011,,,,0.026,16,,E,1.5,,
23222020,2025/09/10,04,0,0.001,0.011,0.012,,0.009,,,,0.027,18,,ESE,1.5,,
23222020,2025/09/10,05,0,0.001,0.011,0.012,,0.007,,,,0.030,18,,ENE,0.8,,
23222020,2025/09/10,06,0,0.001,0.010,0.011,,0.008,,,,0.029,18,,E,1.2,,
23222020,2025/09/10,07,0,0.002,0.013,0.015,,0.008,,,,0.028,15,,SE,1.1,,
23222020,2025/09/10,08,0.001,0.002,0.010,0.012,,0.015,,,,0.028,19,,SSE,0.7,,
23222020,2025/09/10,09,0,0.001,0.006,0.007,,0.023,,,,0.030,20,,SSW,2.5,,
23222020,2025/09/10,10,0,0.001,0.008,0.009,,0.030,,,,0.033,21,,WSW,1.5,,
23222020,2025/09/10,11,0.001,0.004,0.014,0.018,,0.031,,,,0.034,22,,S,4.7,,
23222020,2025/09/10,12,0.001,0.001,0.004,0.005,,0.041,,,,0.027,21,,SSE,4.7,,
23222020,2025/09/10,13,0.001,0.001,0.005,0.006,,0.032,,,,0.025,20,,SSE,6.0,,
23222020,2025/09/10,14,0.002,0.002,0.005,0.007,,0.024,,,,0.023,17,,SSE,6.3,,
23222020,2025/09/10,15,0.001,0.001,0.003,0.004,,0.020,,,,0.022,17,,S,6.1,,
23222020,2025/09/10,16,0.001,0.001,0.003,0.004,,0.017,,,,0.016,13,,SSE,6.1,,
23222020,2025/09/10,17,0.001,0.001,0.003,0.004,,0.013,,,,0.016,9,,SSE,4.4,,
23222020,2025/09/10,18,0.001,0.001,0.004,0.005,,0.013,,,,0.011,7,,SSE,4.8,,
23222020,2025/09/10,19,0,0,0.004,0.004,,0.011,,,,0.010,5,,SE,3.9,,
23222020,2025/09/10,20,0,0,0.003,0.003,,0.012,,,,0.010,4,,SSE,4.5,,
23222020,2025/09/10,21,0,0,0.004,0.004,,0.010,,,,0.008,3,,SSE,4.1,,
23222020,2025/09/10,22,0,0,0.005,0.005,,0.008,,,,0.008,3,,SSE,2.2,,
23222020,2025/09/10,23,0.001,0.001,0.009,0.010,,0.005,,,,0.011,5,,S,2.3,,
23222020,2025/09/10,24,0,0,0.005,0.005,,0.008,,,,0.011,4,,S,1.1,,
23222020,2025/09/11,01,0,0,0.004,0.004,,0.007,,,,0.014,4,,S,0.9,,
23222020,2025/09/11,02,0,0.001,0.004,0.005,,0.007,,,,0.014,5,,WSW,1.5,,
23222020,2025/09/11,03,0,0,0.008,0.008,,0.010,,,,0.012,5,,SSW,0.6,,
23222020,2025/09/11,04,0,0.001,0.009,0.010,,0.006,,,,0.013,6,,SSW,1.0,,
23222020,2025/09/11,05,0,0.002,0.010,0.012,,0.002,,,,0.014,7,,N,2.7,,
23222020,2025/09/11,06,0,0.005,0.014,0.019,,0.002,,,,0.015,8,,WNW,1.8,,
23222020,2025/09/11,07,0.001,0.003,0.011,0.014,,0.006,,,,0.014,5,,NNE,3.6,,
23222020,2025/09/11,08,0,0.002,0.007,0.009,,0.008,,,,0.007,2,,NNE,2.1,,
23222020,2025/09/11,09,0,0.003,0.009,0.012,,0.008,,,,0.008,6,,N,3.4,,
23222020,2025/09/11,10,0,0.005,0.011,0.016,,0.008,,,,0.011,3,,NNW,1.3,,
23222020,2025/09/11,11,0,0.008,0.014,0.022,,0.011,,,,0.012,9,,NNW,1.5,,
23222020,2025/09/11,12,0.004,0.015,0.022,0.037,,0.008,,,,0.022,15,,NNW,1.6,,
23222020,2025/09/11,13,0.001,0.003,0.011,0.014,,0.020,,,,0.009,4,,N,1.8,,
23222020,2025/09/11,14,0.003,0.009,0.018,0.027,,0.019,,,,0.012,9,,W,2.7,,
23222020,2025/09/11,15,0.001,0.002,0.009,0.011,,0.028,,,,0.008,4,,WSW,2.5,,
23222020,2025/09/11,16,0.001,0.001,0.006,0.007,,0.033,,,,0.008,8,,SW,3.5,,
23222020,2025/09/11,17,0.001,0,0.007,0.007,,0.041,,,,0.011,10,,SW,3.5,,
23222020,2025/09/11,18,0.001,0.001,0.015,0.016,,0.028,,,,0.013,9,,WSW,2.5,,
23222020,2025/09/11,19,0.001,0,0.017,0.017,,0.025,,,,0.012,9,,SW,2.4,,
23222020,2025/09/11,20,0.001,0,0.011,0.011,,0.024,,,,0.010,6,,SW,2.2,,
23222020,2025/09/11,21,0,0,0.008,0.008,,0.022,,,,0.007,4,,W,1.6,,
23222020,2025/09/11,22,0.001,0.001,0.014,0.015,,0.016,,,,0.011,7,,S,0.8,,
23222020,2025/09/11,23,0,0,0.009,0.009,,0.015,,,,0.009,5,,S,1.1,,
23222020,2025/09/11,24,0.001,0,0.009,0.009,,0.013,,,,0.014,5,,SSE,1.0,,
23222020,2025/09/12,01,0,0,0.010,0.010,,0.012,,,,0.010,5,,SSE,1.2,,
23222020,2025/09/12,02,0.001,0,0.010,0.010,,0.010,,,,0.013,7,,SW,0.9,,
23222020,2025/09/12,03,0,0.001,0.010,0.011,,0.008,,,,0.012,7,,ESE,0.6,,
23222020,2025/09/12,04,0,0.001,0.012,0.013,,0.006,,,,0.016,8,,SSE,0.5,,
23222020,2025/09/12,05,0.001,0.001,0.015,0.016,,0.003,,,,0.018,9,,ESE,1.5,,
23222020,2025/09/12,06,0.001,0.001,0.011,0.012,,0.008,,,,0.017,9,,SE,4.2,,
23222020,2025/09/12,07,0,0,0.004,0.004,,0.023,,,,0.009,6,,SSE,1.6,,
23222020,2025/09/12,08,0,0.001,0.005,0.006,,0.019,,,,0.008,2,,ENE,0.4,,
23222020,2025/09/12,09,0,0.001,0.006,0.007,,0.017,,,,0.009,3,,N,0.4,,
23222020,2025/09/12,10,0,0.001,0.007,0.008,,0.018,,,,0.009,5,,WSW,1.2,,
23222020,2025/09/12,11,0,0.002,0.012,0.014,,0.015,,,,0.012,3,,NNW,0.8,,
23222020,2025/09/12,12,0.001,0.011,0.025,0.036,,0.010,,,,0.015,11,,W,2.0,,
23222020,2025/09/12,13,0.001,0.004,0.010,0.014,,0.027,,,,0.013,7,,SSE,5.0,,
23222020,2025/09/12,14,0,0,0.003,0.003,,0.033,,,,0.012,10,,S,4.5,,
23222020,2025/09/12,15,0.001,0,0.004,0.004,,0.029,,,,0.008,6,,SSE,2.9,,
23222020,2025/09/12,16,0,0,0.004,0.004,,0.036,,,,0.013,9,,SSE,3.9,,
23222020,2025/09/12,17,0,0,0.003,0.003,,0.031,,,,0.012,8,,SE,4.7,,
23222020,2025/09/12,18,0,0,0.004,0.004,,0.026,,,,0.013,7,,ESE,3.1,,
23222020,2025/09/12,19,0,0,0.005,0.005,,0.019,,,,0.012,5,,ESE,2.5,,
23222020,2025/09/12,20,0,0,0.004,0.004,,0.019,,,,0.011,5,,ESE,3.0,,
23222020,2025/09/12,21,0,0,0.005,0.005,,0.019,,,,0.010,5,,SE,4.0,,
23222020,2025/09/12,22,0,0,0.003,0.003,,0.023,,,,0.006,2,,ESE,2.4,,
23222020,2025/09/12,23,0,0,0.003,0.003,,0.022,,,,0.008,2,,ESE,2.2,,
23222020,2025/09/12,24,0,0,0.002,0.002,,0.021,,,,0.005,2,,ESE,2.3,,
23222020,2025/09/13,01,0,0,0.002,0.002,,0.018,,,,0.006,2,,ESE,1.4,,
23222020,2025/09/13,02,0,0,0.003,0.003,,0.018,,,,0.005,2,,E,1.7,,
23222020,2025/09/13,03,0,0,0.002,0.002,,0.019,,,,0.004,2,,SE,2.5,,
23222020,2025/09/13,04,0,0,0.003,0.003,,0.016,,,,0.005,2,,ESE,2.1,,
23222020,2025/09/13,05,0,0,0.003,0.003,,0.015,,,,0.005,2,,SE,1.8,,
23222020,2025/09/13,06,0,0,0.003,0.003,,0.014,,,,0.005,2,,SE,1.9,,
23222020,2025/09/13,07,0,0.001,0.003,0.004,,0.012,,,,0.009,2,,SE,2.4,,
23222020,2025/09/13,08,0,0.001,0.004,0.005,,0.012,,,,0.008,2,,SE,3.3,,
23222020,2025/09/13,09,0,0.001,0.003,0.004,,0.015,,,,0.011,4,,SSE,4.9,,
23222020,2025/09/13,10,0,0.002,0.004,0.006,,0.015,,,,0.011,5,,SSE,4.4,,
23222020,2025/09/13,11,0,0.002,0.003,0.005,,0.015,,,,0.008,5,,SSE,4.7,,
23222020,2025/09/13,12,0,0.001,0.003,0.004,,0.017,,,,0.009,4,,S,4.5,,
23222020,2025/09/13,13,0,0.001,0.003,0.004,,0.018,,,,0.010,10,,SSE,4.3,,
23222020,2025/09/13,14,0,0.001,0.003,0.004,,0.016,,,,0.007,7,,SSE,4.1,,
23222020,2025/09/13,15,0,0.001,0.005,0.006,,0.013,,,,0.009,3,,S,2.8,,
23222020,2025/09/13,16,0,0.001,0.004,0.005,,0.012,,,,0.010,3,,SSE,2.6,,
23222020,2025/09/13,17,0,0.001,0.004,0.005,,0.012,,,,0.012,5,,SSE,2.9,,
23222020,2025/09/13,18,0,0.001,0.006,0.007,,0.009,,,,0.017,7,,SE,1.0,,
23222020,2025/09/13,19,0,0.001,0.006,0.007,,0.007,,,,0.013,5,,E,1.7,,
23222020,2025/09/13,20,0,0,0.003,0.003,,0.009,,,,0.015,5,,ESE,3.4,,
23222020,2025/09/13,21,0,0,0.003,0.003,,0.009,,,,0.015,4,,SE,1.4,,
23222020,2025/09/13,22,0,0.001,0.004,0.005,,0.007,,,,0.015,5,,CALM,0.2,,
23222020,2025/09/13,23,0,0,0.004,0.004,,0.007,,,,0.015,4,,SE,1.4,,
23222020,2025/09/13,24,0,0,0.004,0.004,,0.006,,,,0.014,4,,SE,1.7,,
23222020,2025/09/14,01,0,0.001,0.004,0.005,,0.005,,,,0.013,4,,SE,0.6,,
23222020,2025/09/14,02,0,0.001,0.004,0.005,,0.004,,,,0.011,4,,ESE,1.0,,
23222020,2025/09/14,03,0,0.001,0.005,0.006,,0.004,,,,0.012,3,,ESE,2.0,,
23222020,2025/09/14,04,0,0,0.006,0.006,,0.003,,,,0.012,4,,SE,2.2,,
23222020,2025/09/14,05,0,0.001,0.005,0.006,,0.003,,,,0.012,4,,SE,1.2,,
23222020,2025/09/14,06,0,0.001,0.004,0.005,,0.003,,,,0.012,3,,SE,1.1,,
23222020,2025/09/14,07,0,0.002,0.004,0.006,,0.003,,,,0.014,3,,SE,1.0,,
23222020,2025/09/14,08,0,0.002,0.004,0.006,,0.004,,,,0.014,5,,SSW,0.7,,
23222020,2025/09/14,09,0,0.005,0.006,0.011,,0.004,,,,0.017,6,,S,1.6,,
23222020,2025/09/14,10,0,0.002,0.004,0.006,,0.010,,,,0.015,7,,S,1.8,,
23222020,2025/09/14,11,0,0.002,0.004,0.006,,0.015,,,,0.016,11,,WSW,1.7,,
23222020,2025/09/14,12,0.001,0.004,0.010,0.014,,0.017,,,,0.020,15,,WSW,2.2,,
23222020,2025/09/14,13,0.001,0.002,0.007,0.009,,0.017,,,,0.022,15,,WSW,2.6,,
23222020,2025/09/14,14,0.001,0.002,0.008,0.010,,0.016,,,,0.022,16,,WSW,1.1,,
23222020,2025/09/14,15,0.001,0.002,0.007,0.009,,0.023,,,,0.022,15,,WSW,1.9,,
23222020,2025/09/14,16,0.001,0.001,0.006,0.007,,0.025,,,,0.020,18,,W,2.0,,
23222020,2025/09/14,17,0.001,0.001,0.012,0.013,,0.025,,,,0.025,17,,WSW,1.8,,
23222020,2025/09/14,18,0.001,0.001,0.013,0.014,,0.023,,,,0.024,17,,S,1.7,,
23222020,2025/09/14,19,0,0,0.006,0.006,,0.020,,,,0.025,16,,SSE,1.7,,
23222020,2025/09/14,20,0,0,0.004,0.004,,0.017,,,,0.022,15,,SSW,1.2,,
23222020,2025/09/14,21,0,0,0.005,0.005,,0.013,,,,0.022,14,,SSE,1.1,,
23222020,2025/09/14,22,0,0.001,0.009,0.010,,0.010,,,,0.023,13,,SSW,1.3,,
23222020,2025/09/14,23,0,0.001,0.015,0.016,,0.008,,,,0.023,13,,SW,1.9,,
23222020,2025/09/14,24,0.001,0.005,0.029,0.034,,0.001,,,,0.031,18,,WNW,1.7,,
23222020,2025/09/15,01,-,-,-,-,,-,,,,0.029,17,,SSW,0.9,,
23222020,2025/09/15,02,0.001,0.003,0.017,0.020,,0.001,,,,0.032,16,,ESE,0.5,,
23222020,2025/09/15,03,0,0.003,0.015,0.018,,0,,,,0.029,16,,ENE,0.9,,
23222020,2025/09/15,04,0,0.003,0.013,0.016,,0.001,,,,0.025,16,,SSE,0.8,,
23222020,2025/09/15,05,0,0.002,0.011,0.013,,0.001,,,,0.029,14,,SSE,1.3,,
23222020,2025/09/15,06,0,0.002,0.009,0.011,,0.001,,,,0.029,14,,SSE,1.1,,
23222020,2025/09/15,07,0,0.003,0.009,0.012,,0.006,,,,0.029,13,,SSE,0.4,,
23222020,2025/09/15,08,0,0.006,0.013,0.019,,0.008,,,,0.027,11,,NE,0.6,,
23222020,2025/09/15,09,0.001,0.005,0.018,0.023,,0.013,,,,0.019,12,,NW,2.4,,
23222020,2025/09/15,10,0.001,0.003,0.010,0.013,,0.021,,,,0.021,14,,WNW,1.4,,
23222020,2025/09/15,11,0.003,0.004,0.013,0.017,,0.024,,,,0.022,18,,W,1.8,,
23222020,2025/09/15,12,0.002,0.003,0.011,0.014,,0.027,,,,0.019,14,,NW,3.5,,
23222020,2025/09/15,13,0.001,0.001,0.006,0.007,,0.030,,,,0.013,8,,WNW,3.0,,
23222020,2025/09/15,14,0.001,0.001,0.005,0.006,,0.038,,,,0.009,6,,WSW,3.8,,
23222020,2025/09/15,15,0,0.001,0.005,0.006,,0.043,,,,0.011,8,,WSW,3.4,,
23222020,2025/09/15,16,0.001,0.001,0.006,0.007,,0.045,,,,0.014,8,,WNW,2.7,,
23222020,2025/09/15,17,0.001,0.001,0.011,0.012,,0.035,,,,0.016,11,,W,3.0,,
23222020,2025/09/15,18,0.001,0.001,0.013,0.014,,0.034,,,,0.014,10,,WNW,2.1,,
23222020,2025/09/15,19,0.005,0.001,0.019,0.020,,0.018,,,,0.022,15,,NW,3.2,,
23222020,2025/09/15,20,0.003,0,0.016,0.016,,0.019,,,,0.018,12,,N,1.8,,
23222020,2025/09/15,21,0,0,0.009,0.009,,0.023,,,,0.011,9,,N,1.1,,
23222020,2025/09/15,22,0.001,0,0.012,0.012,,0.016,,,,0.018,11,,S,1.1,,
23222020,2025/09/15,23,0,0,0.010,0.010,,0.014,,,,0.014,7,,S,1.5,,
23222020,2025/09/15,24,0.001,0,0.008,0.008,,0.016,,,,0.014,8,,S,1.5,,
23222020,2025/09/16,01,0,0,0.008,0.008,,0.014,,,,0.017,11,,SW,0.8,,
23222020,2025/09/16,02,0,0,0.007,0.007,,0.016,,,,0.024,14,,CALM,0.2,,
23222020,2025/09/16,03,0,0,0.006,0.006,,0.015,,,,0.027,16,,NNW,0.4,,
23222020,2025/09/16,04,0,0.001,0.013,0.014,,0.009,,,,0.020,10,,NNW,1.5,,
23222020,2025/09/16,05,0,0.003,0.018,0.021,,0.003,,,,0.017,10,,N,1.2,,
23222020,2025/09/16,06,0,0.010,0.019,0.029,,0.001,,,,0.022,12,,N,0.6,,
23222020,2025/09/16,07,0.001,0.020,0.017,0.037,,0.002,,,,0.030,13,,S,1.3,,
23222020,2025/09/16,08,0.006,0.037,0.020,0.057,,0.003,,,,0.046,25,,SW,1.7,,
23222020,2025/09/16,09,0.009,0.035,0.027,0.062,,0.004,,,,0.049,30,,N,0.9,,
23222020,2025/09/16,10,0.010,0.017,0.030,0.047,,0.013,,,,0.041,29,,SW,2.1,,
23222020,2025/09/16,11,0.008,0.011,0.028,0.039,,0.021,,,,0.036,25,,W,2.5,,
23222020,2025/09/16,12,0.005,0.007,0.023,0.030,,0.030,,,,0.029,24,,WSW,2.2,,
23222020,2025/09/16,13,0.005,0.004,0.017,0.021,,0.044,,,,0.019,16,,WSW,3.1,,
23222020,2025/09/16,14,0.003,0.003,0.015,0.018,,0.048,,,,0.018,15,,SW,2.3,,
23222020,2025/09/16,15,0.002,0,0.006,0.006,,0.063,,,,0.021,17,,S,4.6,,
23222020,2025/09/16,16,0.003,0.001,0.007,0.008,,0.059,,,,0.023,18,,SSE,5.3,,
23222020,2025/09/16,17,0.001,0,0.005,0.005,,0.054,,,,0.022,18,,S,4.4,,
23222020,2025/09/16,18,0,0,0.005,0.005,,0.043,,,,0.021,14,,SSE,3.5,,
23222020,2025/09/16,19,0.001,0,0.005,0.005,,0.038,,,,0.024,17,,SSE,3.8,,
23222020,2025/09/16,20,0,0,0.004,0.004,,0.034,,,,0.030,18,,SSE,2.8,,
23222020,2025/09/16,21,0,0,0.004,0.004,,0.031,,,,0.030,17,,SSE,3.1,,
23222020,2025/09/16,22,0,0,0.006,0.006,,0.028,,,,0.030,17,,SSE,2.2,,
23222020,2025/09/16,23,0,0,0.004,0.004,,0.025,,,,0.028,15,,ESE,2.0,,
23222020,2025/09/16,24,0,0,0.004,0.004,,0.022,,,,0.026,17,,ESE,2.0,,
23222020,2025/09/17,01,0,0,0.004,0.004,,0.020,,,,0.025,16,,ESE,1.4,,
23222020,2025/09/17,02,0,0,0.005,0.005,,0.017,,,,0.029,16,,ESE,1.8,,
23222020,2025/09/17,03,0,0,0.006,0.006,,0.015,,,,0.027,16,,ESE,1.4,,
23222020,2025/09/17,04,0,0.001,0.009,0.010,,0.012,,,,0.027,14,,ESE,0.9,,
23222020,2025/09/17,05,0,0.001,0.010,0.011,,0.010,,,,0.024,15,,ENE,0.8,,
23222020,2025/09/17,06,0,0.001,0.011,0.012,,0.007,,,,0.026,15,,ENE,0.5,,
23222020,2025/09/17,07,0,0.003,0.015,0.018,,0.006,,,,0.027,13,,SSE,0.8,,
23222020,2025/09/17,08,0,0.003,0.010,0.013,,0.015,,,,0.030,17,,S,0.9,,
23222020,2025/09/17,09,0,0.002,0.008,0.010,,0.022,,,,0.034,20,,SW,2.1,,
23222020,2025/09/17,10,0.002,0.003,0.013,0.016,,0.029,,,,0.034,21,,WSW,2.6,,
23222020,2025/09/17,11,0.001,0.003,0.011,0.014,,0.035,,,,0.029,22,,WSW,2.9,,
23222020,2025/09/17,12,0.001,0.002,0.011,0.013,,0.042,,,,0.031,24,,WSW,2.6,,
23222020,2025/09/17,13,0.001,0.004,0.013,0.017,,0.040,,,,0.031,24,,W,2.8,,
23222020,2025/09/17,14,0.001,0.002,0.010,0.012,,0.046,,,,0.030,27,,WSW,1.9,,
23222020,2025/09/17,15,0.001,0.001,0.008,0.009,,0.044,,,,0.029,24,,WSW,2.1,,
23222020,2025/09/17,16,0.002,0.002,0.011,0.013,,0.043,,,,0.029,25,,W,1.6,,
23222020,2025/09/17,17,0.002,0.001,0.007,0.008,,0.042,,,,0.031,23,,SSW,2.9,,
23222020,2025/09/17,18,0,0,0.004,0.004,,0.038,,,,0.028,21,,S,2.9,,
23222020,2025/09/17,19,0,0,0.005,0.005,,0.027,,,,0.025,20,,S,2.1,,
23222020,2025/09/17,20,0,0,0.005,0.005,,0.018,,,,0.024,17,,S,2.3,,
23222020,2025/09/17,21,0,0,0.005,0.005,,0.016,,,,0.025,18,,S,2.0,,
23222020,2025/09/17,22,0,0,0.006,0.006,,0.013,,,,0.026,20,,SSE,1.8,,
23222020,2025/09/17,23,0,0,0.010,0.010,,0.010,,,,0.029,19,,S,1.2,,
23222020,2025/09/17,24,0,0.001,0.010,0.011,,0.008,,,,0.029,17,,E,0.3,,
23222020,2025/09/18,01,0,0.001,0.010,0.011,,0.007,,,,0.030,21,,SSE,1.2,,
23222020,2025/09/18,02,0,0.001,0.011,0.012,,0.005,,,,0.032,19,,SE,0.4,,
23222020,2025/09/18,03,0,0.004,0.015,0.019,,0.003,,,,0.033,20,,NNW,1.0,,
23222020,2025/09/18,04,0.001,0.007,0.016,0.023,,0.003,,,,0.036,21,,NE,0.5,,
23222020,2025/09/18,05,0,0.002,0.014,0.016,,0.002,,,,0.023,16,,NNE,0.9,,
23222020,2025/09/18,06,0,0.004,0.015,0.019,,0.001,,,,0.025,15,,ESE,1.1,,
23222020,2025/09/18,07,0,0.009,0.014,0.023,,0.002,,,,0.027,16,,SE,0.8,,
23222020,2025/09/18,08,0,0.010,0.015,0.025,,0.005,,,,0.032,19,,S,1.7,,
23222020,2025/09/18,09,0.001,0.005,0.015,0.020,,0.016,,,,0.027,18,,WSW,2.2,,
23222020,2025/09/18,10,0.001,0.004,0.011,0.015,,0.022,,,,0.022,14,,W,2.2,,
23222020,2025/09/18,11,0.001,0.003,0.008,0.011,,0.031,,,,0.019,16,,W,2.5,,
23222020,2025/09/18,12,0.001,0.003,0.008,0.011,,0.040,,,,0.016,14,,W,2.6,,
23222020,2025/09/18,13,0,0.003,0.009,0.012,,0.040,,,,0.013,13,,W,4.8,,
23222020,2025/09/18,14,0.002,0.004,0.015,0.019,,0.026,,,,0.029,18,,NNW,6.0,,
23222020,2025/09/18,15,0.003,0.010,0.019,0.029,,0.022,,,,0.025,19,,NW,4.8,,
23222020,2025/09/18,16,0.002,0.007,0.018,0.025,,0.025,,,,0.021,16,,NW,4.9,,
23222020,2025/09/18,17,0.002,0.004,0.018,0.022,,0.023,,,,0.015,12,,NW,4.1,,
23222020,2025/09/18,18,0.003,0.001,0.017,0.018,,0.021,,,,0.017,12,,NW,4.3,,
23222020,2025/09/18,19,0.003,0.001,0.016,0.017,,0.019,,,,0.019,11,,NW,3.9,,
23222020,2025/09/18,20,0.004,0.001,0.018,0.019,,0.017,,,,0.023,14,,NW,3.9,,
23222020,2025/09/18,21,0.004,0,0.018,0.018,,0.017,,,,0.019,14,,NW,4.6,,
23222020,2025/09/18,22,0.004,0.001,0.015,0.016,,0.020,,,,0.016,10,,NW,3.5,,
23222020,2025/09/18,23,0.004,0.001,0.018,0.019,,0.018,,,,0.019,11,,NW,4.7,,
23222020,2025/09/18,24,0.004,0.001,0.019,0.020,,0.019,,,,0.023,16,,NW,4.3,,
23222020,2025/09/19,01,0.005,0,0.019,0.019,,0.019,,,,0.021,15,,NW,3.8,,
23222020,2025/09/19,02,0.004,0.001,0.023,0.024,,0.016,,,,0.020,15,,NNW,2.7,,
23222020,2025/09/19,03,0.004,0.001,0.024,0.025,,0.016,,,,0.019,12,,NNW,2.2,,
23222020,2025/09/19,04,0.002,0.001,0.015,0.016,,0.022,,,,0.012,8,,N,2.8,,
23222020,2025/09/19,05,0.001,0,0.012,0.012,,0.025,,,,0.008,5,,N,2.4,,
23222020,2025/09/19,06,0.001,0,0.018,0.018,,0.019,,,,0.008,6,,N,2.5,,
23222020,2025/09/19,07,0,0.001,0.014,0.015,,0.021,,,,0.009,4,,NNW,2.2,,
23222020,2025/09/19,08,0.001,0.002,0.014,0.016,,0.019,,,,0.008,5,,N,2.4,,
23222020,2025/09/19,09,0.001,0.004,0.013,0.017,,0.018,,,,0.008,5,,N,1.4,,
23222020,2025/09/19,10,0.003,0.009,0.023,0.032,,0.015,,,,0.016,13,,WSW,2.2,,
23222020,2025/09/19,11,0.003,0.005,0.016,0.021,,0.023,,,,0.013,9,,SSW,2.1,,
23222020,2025/09/19,12,0.001,0.001,0.008,0.009,,0.033,,,,0.010,9,,SSW,5.2,,
23222020,2025/09/19,13,0.001,0.001,0.005,0.006,,0.039,,,,0.013,6,,S,5.4,,
23222020,2025/09/19,14,0.002,0.001,0.005,0.006,,0.039,,,,0.012,7,,S,5.3,,
23222020,2025/09/19,15,0.001,0.001,0.004,0.005,,0.040,,,,0.010,7,,S,5.4,,
23222020,2025/09/19,16,0,0,0.003,0.003,,0.043,,,,0.010,7,,SSE,4.1,,
23222020,2025/09/19,17,0.001,0,0.003,0.003,,0.041,,,,0.009,9,,S,3.7,,
23222020,2025/09/19,18,0,0,0.004,0.004,,0.039,,,,0.009,6,,SSE,3.5,,
23222020,2025/09/19,19,0,0,0.006,0.006,,0.037,,,,0.013,6,,SSE,3.1,,
23222020,2025/09/19,20,0,0,0.005,0.005,,0.036,,,,0.011,8,,SSW,1.4,,
23222020,2025/09/19,21,0,0,0.005,0.005,,0.034,,,,0.012,6,,SSE,1.3,,
23222020,2025/09/19,22,0,0,0.005,0.005,,0.033,,,,0.011,6,,SE,1.8,,
23222020,2025/09/19,23,0,0,0.004,0.004,,0.035,,,,0.011,8,,SSE,2.3,,
23222020,2025/09/19,24,0,0,0.004,0.004,,0.033,,,,0.012,10,,SE,1.3,,
23222020,2025/09/20,01,0,0,0.004,0.004,,0.029,,,,0.011,9,,SSE,0.9,,
23222020,2025/09/20,02,0,0,0.004,0.004,,0.029,,,,0.011,7,,ESE,2.2,,
23222020,2025/09/20,03,0,0,0.004,0.004,,0.026,,,,0.011,8,,E,0.7,,
23222020,2025/09/20,04,0,0,0.006,0.006,,0.020,,,,0.012,9,,E,0.9,,
23222020,2025/09/20,05,0,0,0.006,0.006,,0.019,,,,0.012,9,,NE,1.0,,
23222020,2025/09/20,06,0,0,0.007,0.007,,0.018,,,,0.012,7,,S,1.0,,
23222020,2025/09/20,07,0,0,0.005,0.005,,0.022,,,,0.010,7,,NNE,0.8,,
23222020,2025/09/20,08,0,0,0.004,0.004,,0.024,,,,0.009,7,,W,0.6,,
23222020,2025/09/20,09,0,0.001,0.005,0.006,,0.025,,,,0.011,7,,CALM,0.1,,
23222020,2025/09/20,10,0,0.002,0.011,0.013,,0.018,,,,0.015,8,,WSW,1.3,,
23222020,2025/09/20,11,0.001,0.009,0.022,0.031,,0.013,,,,0.020,12,,WNW,1.5,,
23222020,2025/09/20,12,0.002,0.006,0.024,0.030,,0.013,,,,0.022,14,,NNW,0.7,,
23222020,2025/09/20,13,0.001,0.004,0.022,0.026,,0.017,,,,0.019,12,,WSW,2.2,,
23222020,2025/09/20,14,0.001,0.002,0.016,0.018,,0.023,,,,0.015,10,,WSW,2.9,,
23222020,2025/09/20,15,0.001,0.001,0.009,0.010,,0.031,,,,0.014,8,,W,1.9,,
23222020,2025/09/20,16,0.001,0.001,0.011,0.012,,0.027,,,,0.013,8,,WSW,1.7,,
23222020,2025/09/20,17,0.002,0.001,0.014,0.015,,0.028,,,,0.014,11,,WSW,0.6,,
23222020,2025/09/20,18,0.001,0,0.015,0.015,,0.024,,,,0.015,10,,SSW,1.1,,
23222020,2025/09/20,19,0.002,0,0.016,0.016,,0.021,,,,0.014,10,,S,2.1,,
23222020,2025/09/20,20,0.001,0,0.015,0.015,,0.018,,,,0.016,9,,SSW,1.4,,
23222020,2025/09/20,21,0,0,0.012,0.012,,0.018,,,,0.015,9,,WSW,0.6,,
23222020,2025/09/20,22,0,0.001,0.010,0.011,,0.017,,,,0.015,9,,SE,2.0,,
23222020,2025/09/20,23,0,0.001,0.009,0.010,,0.015,,,,0.013,10,,SE,1.7,,
23222020,2025/09/20,24,0,0,0.009,0.009,,0.014,,,,0.017,10,,NNW,0.4,,
23222020,2025/09/21,01,0,0,0.008,0.008,,0.013,,,,0.018,10,,S,1.1,,
23222020,2025/09/21,02,0,0.001,0.008,0.009,,0.013,,,,0.017,8,,NNW,3.0,,
23222020,2025/09/21,03,0.001,0.001,0.018,0.019,,0.015,,,,0.030,18,,SE,1.3,,
23222020,2025/09/21,04,0.001,0,0.008,0.008,,0.020,,,,0.013,5,,SSW,2.2,,
23222020,2025/09/21,05,0,0,0.006,0.006,,0.023,,,,0.008,4,,NNW,1.5,,
23222020,2025/09/21,06,0,0.001,0.013,0.014,,0.011,,,,0.014,6,,ENE,0.7,,
23222020,2025/09/21,07,0,0.003,0.016,0.019,,0.010,,,,0.016,8,,NW,1.7,,
23222020,2025/09/21,08,0.003,0.003,0.015,0.018,,0.017,,,,0.016,7,,NW,4.6,,
23222020,2025/09/21,09,0.004,0.004,0.014,0.018,,0.021,,,,0.015,7,,W,4.0,,
23222020,2025/09/21,10,0.002,0.002,0.009,0.011,,0.027,,,,0.012,10,,NW,5.6,,
23222020,2025/09/21,11,0.002,0.003,0.010,0.013,,0.026,,,,0.014,11,,NW,4.2,,
23222020,2025/09/21,12,0.002,0.004,0.012,0.016,,0.025,,,,0.016,14,,NW,5.4,,
23222020,2025/09/21,13,0.003,0.004,0.012,0.016,,0.024,,,,0.016,12,,NW,5.0,,
23222020,2025/09/21,14,0.002,0.004,0.012,0.016,,0.024,,,,0.020,16,,NW,5.4,,
23222020,2025/09/21,15,0.002,0.003,0.012,0.015,,0.023,,,,0.020,19,,NW,5.4,,
23222020,2025/09/21,16,0.003,0.002,0.010,0.012,,0.023,,,,0.013,9,,NW,5.0,,
23222020,2025/09/21,17,0.003,0.001,0.011,0.012,,0.023,,,,0.020,16,,NW,5.3,,
23222020,2025/09/21,18,0.003,0.001,0.014,0.015,,0.021,,,,0.020,13,,NW,3.9,,
23222020,2025/09/21,19,0.003,0.001,0.021,0.022,,0.014,,,,0.034,26,,NW,3.5,,
23222020,2025/09/21,20,0.005,0.001,0.021,0.022,,0.014,,,,0.028,20,,NW,4.0,,
23222020,2025/09/21,21,0.004,0.002,0.020,0.022,,0.014,,,,0.015,11,,NNW,2.8,,
23222020,2025/09/21,22,0.002,0.001,0.013,0.014,,0.019,,,,0.008,6,,NNW,2.9,,
23222020,2025/09/21,23,0.003,0.002,0.017,0.019,,0.014,,,,0.012,6,,N,2.5,,
23222020,2025/09/21,24,0.001,0.001,0.010,0.011,,0.019,,,,0.011,5,,N,2.1,,
23222020,2025/09/22,01,-,-,-,-,,-,,,,0.011,8,,NNW,1.9,,
23222020,2025/09/22,02,0.001,0.001,0.011,0.012,,0.016,,,,0.008,6,,N,2.0,,
23222020,2025/09/22,03,0.001,0.001,0.012,0.013,,0.016,,,,0.010,6,,N,2.2,,
23222020,2025/09/22,04,0.001,0,0.013,0.013,,0.015,,,,0.009,5,,N,2.6,,
23222020,2025/09/22,05,0.001,0,0.013,0.013,,0.012,,,,0.010,7,,NNW,1.8,,
23222020,2025/09/22,06,0.001,0.001,0.016,0.017,,0.011,,,,0.009,6,,NNW,2.4,,
23222020,2025/09/22,07,0.001,0.003,0.018,0.021,,0.011,,,,0.009,5,,N,4.3,,
23222020,2025/09/22,08,0.001,0.004,0.015,0.019,,0.015,,,,0.007,3,,N,4.8,,
23222020,2025/09/22,09,0.001,0.004,0.013,0.017,,0.017,,,,0.009,5,,N,3.4,,
23222020,2025/09/22,10,0.001,0.006,0.014,0.020,,0.018,,,,0.010,6,,N,1.6,,
23222020,2025/09/22,11,0.001,0.006,0.016,0.022,,0.021,,,,0.011,12,,S,1.3,,
23222020,2025/09/22,12,0.002,0.006,0.017,0.023,,0.025,,,,0.011,13,,WSW,2.9,,
23222020,2025/09/22,13,0.002,0.002,0.010,0.012,,0.037,,,,0.012,10,,SSW,3.1,,
23222020,2025/09/22,14,0.001,0.001,0.006,0.007,,0.043,,,,0.012,11,,SSW,4.1,,
23222020,2025/09/22,15,0.001,0,0.004,0.004,,0.042,,,,0.010,9,,SSW,4.0,,
23222020,2025/09/22,16,0.001,0,0.003,0.003,,0.041,,,,0.010,9,,S,5.0,,
23222020,2025/09/22,17,0.003,0,0.006,0.006,,0.041,,,,0.012,10,,S,5.2,,
23222020,2025/09/22,18,0.001,0,0.004,0.004,,0.044,,,,0.010,7,,SSE,3.6,,
23222020,2025/09/22,19,0,0,0.004,0.004,,0.043,,,,0.011,8,,SSE,2.5,,
23222020,2025/09/22,20,0.001,0,0.004,0.004,,0.040,,,,0.011,8,,S,1.8,,
23222020,2025/09/22,21,0.001,0,0.004,0.004,,0.038,,,,0.012,5,,SSE,1.7,,
23222020,2025/09/22,22,0,0,0.004,0.004,,0.038,,,,0.013,8,,SE,3.0,,
23222020,2025/09/22,23,0,0,0.004,0.004,,0.032,,,,0.012,8,,SE,2.1,,
23222020,2025/09/22,24,0,0,0.004,0.004,,0.033,,,,0.013,7,,SE,2.8,,
23222020,2025/09/23,01,0,0,0.004,0.004,,0.032,,,,0.012,7,,SE,2.0,,
23222020,2025/09/23,02,0,0,0.004,0.004,,0.029,,,,0.011,10,,SE,1.9,,
23222020,2025/09/23,03,0,0,0.004,0.004,,0.025,,,,0.011,9,,SE,1.1,,
23222020,2025/09/23,04,0.001,0,0.005,0.005,,0.024,,,,0.012,9,,SSW,0.4,,
23222020,2025/09/23,05,0.001,0,0.006,0.006,,0.018,,,,0.011,8,,SSE,1.1,,
23222020,2025/09/23,06,0.001,0,0.007,0.007,,0.015,,,,0.012,8,,SSW,1.1,,
23222020,2025/09/23,07,0.002,0.001,0.009,0.010,,0.011,,,,0.013,7,,ESE,0.4,,
23222020,2025/09/23,08,0.002,0.002,0.011,0.013,,0.014,,,,0.014,9,,SE,1.1,,
23222020,2025/09/23,09,0.001,0.003,0.011,0.014,,0.021,,,,0.017,10,,SW,1.3,,
23222020,2025/09/23,10,0.001,0.002,0.012,0.014,,0.028,,,,0.018,13,,N,1.3,,
23222020,2025/09/23,11,0.002,0.001,0.008,0.009,,0.039,,,,0.017,12,,WSW,2.3,,
23222020,2025/09/23,12,0.003,0.002,0.011,0.013,,0.040,,,,0.014,10,,W,3.6,,
23222020,2025/09/23,13,0.002,0.001,0.008,0.009,,0.040,,,,0.010,8,,SW,3.4,,
23222020,2025/09/23,14,0.002,0.001,0.004,0.005,,0.045,,,,0.011,10,,SSW,3.2,,
23222020,2025/09/23,15,0.002,0.001,0.004,0.005,,0.046,,,,0.011,13,,S,3.2,,
23222020,2025/09/23,16,0.003,0.001,0.006,0.007,,0.044,,,,0.013,14,,S,4.2,,
23222020,2025/09/23,17,0.004,0,0.007,0.007,,0.037,,,,0.013,9,,S,2.7,,
23222020,2025/09/23,18,0.002,0,0.005,0.005,,0.034,,,,0.011,10,,SSW,2.2,,
23222020,2025/09/23,19,0.001,0,0.004,0.004,,0.033,,,,0.013,7,,S,1.6,,
23222020,2025/09/23,20,0,0,0.005,0.005,,0.031,,,,0.009,8,,S,1.1,,
23222020,2025/09/23,21,0.001,0,0.004,0.004,,0.030,,,,0.011,7,,S,1.0,,
23222020,2025/09/23,22,0,0,0.005,0.005,,0.028,,,,0.011,7,,SE,1.1,,
23222020,2025/09/23,23,0,0,0.005,0.005,,0.026,,,,0.008,7,,ESE,1.2,,
23222020,2025/09/23,24,0,0,0.005,0.005,,0.027,,,,0.012,8,,SSE,1.2,,
23222020,2025/09/24,01,0,0,0.005,0.005,,0.029,,,,0.009,7,,ESE,1.3,,
23222020,2025/09/24,02,0,0,0.006,0.006,,0.025,,,,0.010,8,,ESE,1.6,,
23222020,2025/09/24,03,0,0,0.011,0.011,,0.017,,,,0.014,9,,E,1.5,,
23222020,2025/09/24,04,0,0.001,0.016,0.017,,0.007,,,,0.017,12,,NNE,1.6,,
23222020,2025/09/24,05,0,0.001,0.013,0.014,,0.006,,,,0.015,10,,ENE,0.3,,
23222020,2025/09/24,06,0,0.001,0.012,0.013,,0.006,,,,0.015,9,,E,0.8,,
23222020,2025/09/24,07,0,0.002,0.010,0.012,,0.007,,,,0.014,8,,CALM,0.2,,
23222020,2025/09/24,08,0,0.003,0.010,0.013,,0.015,,,,0.014,7,,SSW,0.8,,
23222020,2025/09/24,09,0,0.001,0.006,0.007,,0.028,,,,0.013,10,,ESE,2.6,,
23222020,2025/09/24,10,0.001,0.001,0.004,0.005,,0.035,,,,0.012,8,,SSE,3.5,,
23222020,2025/09/24,11,0.001,0.001,0.003,0.004,,0.037,,,,0.009,9,,SE,3.0,,
23222020,2025/09/24,12,0.001,0,0.003,0.003,,0.042,,,,0.011,12,,S,3.6,,
23222020,2025/09/24,13,0.001,0,0.004,0.004,,0.046,,,,0.011,10,,SSW,3.7,,
23222020,2025/09/24,14,0.002,0,0.005,0.005,,0.041,,,,0.010,8,,S,3.5,,
23222020,2025/09/24,15,0.002,0,0.005,0.005,,0.039,,,,0.011,10,,S,2.8,,
23222020,2025/09/24,16,0.003,0,0.006,0.006,,0.038,,,,0.013,8,,S,2.9,,
23222020,2025/09/24,17,0.002,0,0.005,0.005,,0.034,,,,0.011,8,,S,2.2,,
23222020,2025/09/24,18,0.001,0,0.005,0.005,,0.031,,,,0.012,9,,S,2.3,,
23222020,2025/09/24,19,0.001,0,0.005,0.005,,0.032,,,,0.014,9,,S,1.5,,
23222020,2025/09/24,20,0,0,0.005,0.005,,0.031,,,,0.011,6,,SE,1.5,,
23222020,2025/09/24,21,0,0,0.004,0.004,,0.031,,,,0.010,7,,SSE,1.7,,
23222020,2025/09/24,22,0,0,0.005,0.005,,0.030,,,,0.011,7,,SE,0.9,,
23222020,2025/09/24,23,0.001,0,0.005,0.005,,0.030,,,,0.015,9,,ESE,1.1,,
23222020,2025/09/24,24,0,0,0.006,0.006,,0.028,,,,0.013,8,,ESE,1.8,,
23222020,2025/09/25,01,0,0,0.005,0.005,,0.030,,,,0.012,7,,ESE,1.6,,
23222020,2025/09/25,02,0,0,0.006,0.006,,0.027,,,,0.010,6,,E,1.6,,
23222020,2025/09/25,03,0,0,0.008,0.008,,0.023,,,,0.012,7,,E,1.4,,
23222020,2025/09/25,04,0,0,0.010,0.010,,0.017,,,,0.013,7,,E,2.2,,
23222020,2025/09/25,05,0.001,0,0.010,0.010,,0.021,,,,0.012,7,,ESE,1.9,,
23222020,2025/09/25,06,0.001,0,0.011,0.011,,0.016,,,,0.012,9,,ENE,1.2,,
23222020,2025/09/25,07,0.001,0.001,0.013,0.014,,0.011,,,,0.012,9,,NE,1.2,,
23222020,2025/09/25,08,0.003,0.011,0.019,0.030,,0.009,,,,0.022,15,,WNW,1.9,,
23222020,2025/09/25,09,0.008,0.015,0.030,0.045,,0.004,,,,0.031,20,,N,0.8,,
23222020,2025/09/25,10,0.004,0.008,0.022,0.030,,0.014,,,,0.021,12,,S,1.2,,
23222020,2025/09/25,11,0.002,0.002,0.010,0.012,,0.027,,,,0.016,12,,S,1.9,,
23222020,2025/09/25,12,0.003,0.002,0.015,0.017,,0.026,,,,0.021,14,,WSW,1.5,,
23222020,2025/09/25,13,0.004,0.005,0.021,0.026,,0.021,,,,0.025,16,,WNW,1.4,,
23222020,2025/09/25,14,0.004,0.004,0.024,0.028,,0.024,,,,0.022,17,,NNW,2.8,,
23222020,2025/09/25,15,0.003,0.002,0.022,0.024,,0.028,,,,0.021,17,,NNW,1.9,,
23222020,2025/09/25,16,0.003,0.002,0.022,0.024,,0.022,,,,0.023,16,,NNW,2.8,,
23222020,2025/09/25,17,0.002,0.001,0.017,0.018,,0.021,,,,0.018,11,,NW,2.7,,
23222020,2025/09/25,18,0.001,0.001,0.016,0.017,,0.020,,,,0.014,9,,N,2.5,,
23222020,2025/09/25,19,0.002,0.002,0.028,0.030,,0.009,,,,0.017,11,,NNW,1.1,,
23222020,2025/09/25,20,0.003,0.008,0.029,0.037,,0.005,,,,0.029,19,,NNW,1.2,,
23222020,2025/09/25,21,0.002,0.001,0.015,0.016,,0.013,,,,0.016,9,,N,1.0,,
23222020,2025/09/25,22,0.001,0.001,0.016,0.017,,0.011,,,,0.015,11,,N,0.3,,
23222020,2025/09/25,23,0.005,0.006,0.029,0.035,,0.002,,,,0.029,20,,SE,0.5,,
23222020,2025/09/25,24,0.002,0.002,0.022,0.024,,0.003,,,,0.019,13,,SE,0.4,,
23222020,2025/09/26,01,0.003,0.015,0.024,0.039,,0.001,,,,0.030,20,,NNE,0.5,,
23222020,2025/09/26,02,0.002,0.006,0.022,0.028,,0.001,,,,0.018,11,,N,1.6,,
23222020,2025/09/26,03,0.002,0.004,0.021,0.025,,0.001,,,,0.015,11,,N,1.7,,
23222020,2025/09/26,04,0.001,0.008,0.018,0.026,,0.001,,,,0.015,10,,N,1.1,,
23222020,2025/09/26,05,0.001,0.013,0.017,0.030,,0,,,,0.016,10,,N,0.9,,
23222020,2025/09/26,06,0.001,0.017,0.015,0.032,,0,,,,0.018,11,,SW,1.1,,
23222020,2025/09/26,07,0.003,0.024,0.015,0.039,,0.002,,,,0.021,12,,WNW,1.5,,
23222020,2025/09/26,08,0.004,0.026,0.020,0.046,,0.003,,,,0.017,8,,NW,1.6,,
23222020,2025/09/26,09,0.008,0.024,0.022,0.046,,0.005,,,,0.024,18,,NW,1.8,,
23222020,2025/09/26,10,-,-,-,-,,-,,,,-,17,,WNW,2.5,,
23222020,2025/09/26,11,-,0.010,0.016,0.026,,0.014,,,,0.016,11,,W,3.3,,
23222020,2025/09/26,12,0.001,0.004,0.011,0.015,,0.023,,,,0.011,11,,W,3.4,,
23222020,2025/09/26,13,0.001,0.003,0.009,0.012,,0.028,,,,0.008,9,,WSW,3.2,,
23222020,2025/09/26,14,0.001,0.008,0.011,0.019,,0.021,,,,0.009,7,,W,3.4,,
23222020,2025/09/26,15,0.001,0.007,0.010,0.017,,0.020,,,,0.010,10,,WNW,3.7,,
23222020,2025/09/26,16,0.002,0.006,0.014,0.020,,0.016,,,,0.012,9,,WNW,5.1,,
23222020,2025/09/26,17,0.002,0.003,0.011,0.014,,0.020,,,,0.012,10,,WNW,3.8,,
23222020,2025/09/26,18,0.002,0.002,0.016,0.018,,0.016,,,,0.010,9,,W,4.9,,
23222020,2025/09/26,19,0.003,0.001,0.015,0.016,,0.016,,,,0.012,9,,WNW,4.4,,
23222020,2025/09/26,20,0.007,0.001,0.018,0.019,,0.015,,,,0.015,10,,NW,4.3,,
23222020,2025/09/26,21,0.006,0.002,0.024,0.026,,0.012,,,,0.024,15,,NW,5.5,,
23222020,2025/09/26,22,0.007,0.001,0.018,0.019,,0.017,,,,0.021,13,,N,2.5,,
23222020,2025/09/26,23,0.005,0,0.014,0.014,,0.021,,,,0.010,6,,NNW,2.8,,
23222020,2025/09/26,24,0.005,0,0.012,0.012,,0.025,,,,0.013,8,,NNW,2.3,,
23222020,2025/09/27,01,0.004,0,0.010,0.010,,0.027,,,,0.009,7,,N,2.7,,
23222020,2025/09/27,02,0.008,0,0.018,0.018,,0.021,,,,0.023,19,,NW,2.9,,
23222020,2025/09/27,03,0.005,0,0.015,0.015,,0.024,,,,0.017,13,,NNW,2.7,,
23222020,2025/09/27,04,0.004,0.001,0.015,0.016,,0.024,,,,0.009,6,,N,3.0,,
23222020,2025/09/27,05,0.003,0,0.009,0.009,,0.028,,,,0.011,6,,N,2.7,,
23222020,2025/09/27,06,0.002,0,0.009,0.009,,0.027,,,,0.008,8,,NNW,2.6,,
23222020,2025/09/27,07,0.001,0,0.009,0.009,,0.027,,,,0.006,4,,N,3.3,,
23222020,2025/09/27,08,0.001,0.002,0.012,0.014,,0.026,,,,0.009,7,,N,3.0,,
23222020,2025/09/27,09,0.001,0.003,0.013,0.016,,0.026,,,,0.012,10,,N,5.4,,
23222020,2025/09/27,10,0.001,0.001,0.009,0.010,,0.029,,,,0.011,7,,NNE,5.0,,
23222020,2025/09/27,11,0.001,0.002,0.008,0.010,,0.031,,,,0.010,11,,NNW,2.4,,
23222020,2025/09/27,12,0.004,0.004,0.014,0.018,,0.030,,,,0.013,14,,NNW,1.8,,
23222020,2025/09/27,13,0.006,0.004,0.014,0.018,,0.033,,,,0.013,13,,WNW,3.2,,
23222020,2025/09/27,14,0.002,0.001,0.007,0.008,,0.041,,,,0.014,14,,W,3.0,,
23222020,2025/09/27,15,0.001,0.001,0.007,0.008,,0.040,,,,0.011,10,,W,1.1,,
23222020,2025/09/27,16,0.001,0,0.005,0.005,,0.040,,,,0.008,7,,W,2.3,,
23222020,2025/09/27,17,0.001,0,0.005,0.005,,0.050,,,,0.010,9,,SSW,2.7,,
23222020,2025/09/27,18,0.001,0,0.005,0.005,,0.049,,,,0.019,19,,S,1.8,,
23222020,2025/09/27,19,0.001,0,0.007,0.007,,0.038,,,,0.022,19,,SW,1.7,,
23222020,2025/09/27,20,0.001,0,0.007,0.007,,0.031,,,,0.017,16,,SSW,1.3,,
23222020,2025/09/27,21,0.001,0,0.010,0.010,,0.026,,,,0.021,17,,S,1.3,,
23222020,2025/09/27,22,0.001,0,0.011,0.011,,0.024,,,,0.018,16,,SSE,0.9,,
23222020,2025/09/27,23,0.001,0,0.008,0.008,,0.027,,,,0.018,15,,SSE,1.1,,
23222020,2025/09/27,24,0.001,0,0.010,0.010,,0.022,,,,0.016,11,,S,0.7,,
23222020,2025/09/28,01,0,0,0.010,0.010,,0.019,,,,0.016,12,,CALM,0,,
23222020,2025/09/28,02,0,0.001,0.010,0.011,,0.014,,,,0.018,12,,SSW,0.8,,
23222020,2025/09/28,03,0.001,0.001,0.013,0.014,,0.008,,,,0.017,11,,CALM,0.2,,
23222020,2025/09/28,04,0.001,0.001,0.014,0.015,,0.006,,,,0.015,8,,N,1.1,,
23222020,2025/09/28,05,0.001,0.001,0.018,0.019,,0.003,,,,0.015,12,,SSE,0.4,,
23222020,2025/09/28,06,0.002,0.007,0.020,0.027,,0.001,,,,0.018,11,,CALM,0.2,,
23222020,2025/09/28,07,0.001,0.008,0.018,0.026,,0.003,,,,0.021,13,,NE,1.0,,
23222020,2025/09/28,08,0.001,0.003,0.013,0.016,,0.012,,,,0.019,12,,NE,0.6,,
23222020,2025/09/28,09,0.001,0.002,0.006,0.008,,0.022,,,,0.017,11,,E,0.9,,
23222020,2025/09/28,10,0,0,0.003,0.003,,0.033,,,,0.015,11,,S,2.3,,
23222020,2025/09/28,11,0,0,0.003,0.003,,0.036,,,,0.011,11,,SSE,3.5,,
23222020,2025/09/28,12,0.001,0,0.002,0.002,,0.038,,,,0.011,7,,SSE,4.0,,
23222020,2025/09/28,13,0.001,0,0.002,0.002,,0.037,,,,0.010,9,,SSE,5.0,,
23222020,2025/09/28,14,0.001,0,0.002,0.002,,0.037,,,,0.012,8,,SSE,5.5,,
23222020,2025/09/28,15,0.001,0,0.002,0.002,,0.034,,,,0.010,7,,SSE,4.4,,
23222020,2025/09/28,16,0,0,0.001,0.001,,0.034,,,,0.010,10,,SSE,5.2,,
23222020,2025/09/28,17,0,0,0.001,0.001,,0.034,,,,0.010,7,,SSE,4.4,,
23222020,2025/09/28,18,0,0,0.002,0.002,,0.033,,,,0.011,9,,SSE,2.9,,
23222020,2025/09/28,19,0,0,0.003,0.003,,0.030,,,,0.012,6,,SSE,2.8,,
23222020,2025/09/28,20,0,0,0.003,0.003,,0.030,,,,0.013,6,,SSE,2.6,,
23222020,2025/09/28,21,0.001,0,0.003,0.003,,0.028,,,,0.011,8,,SSE,2.0,,
23222020,2025/09/28,22,0.001,0,0.004,0.004,,0.028,,,,0.013,6,,SSE,3.5,,
23222020,2025/09/28,23,0.001,0,0.004,0.004,,0.028,,,,0.013,7,,SSE,3.1,,
23222020,2025/09/28,24,0.001,0,0.004,0.004,,0.027,,,,0.013,6,,SSE,3.9,,
23222020,2025/09/29,01,-,-,-,-,,-,,,,0.014,5,,S,1.8,,
23222020,2025/09/29,02,0,0,0.004,0.004,,0.021,,,,0.011,6,,S,2.4,,
23222020,2025/09/29,03,0,0,0.003,0.003,,0.019,,,,0.010,4,,S,2.4,,
23222020,2025/09/29,04,0,0,0.003,0.003,,0.020,,,,0.009,4,,S,2.9,,
23222020,2025/09/29,05,0,0,0.002,0.002,,0.020,,,,0.010,6,,SSW,3.3,,
23222020,2025/09/29,06,0,0,0.005,0.005,,0.018,,,,0.011,6,,SW,3.3,,
23222020,2025/09/29,07,0.001,0,0.009,0.009,,0.016,,,,0.014,8,,WSW,1.5,,
23222020,2025/09/29,08,0.001,0.002,0.013,0.015,,0.014,,,,0.011,8,,WSW,3.0,,
23222020,2025/09/29,09,0.001,0.004,0.020,0.024,,0.007,,,,0.014,8,,SW,1.5,,
23222020,2025/09/29,10,0.001,0.005,0.022,0.027,,0.011,,,,0.019,9,,NW,4.7,,
23222020,2025/09/29,11,0.004,0.003,0.020,0.023,,0.024,,,,0.016,8,,NW,4.6,,
23222020,2025/09/29,12,0.003,0.004,0.020,0.024,,0.025,,,,0.025,16,,NW,4.7,,
23222020,2025/09/29,13,0.003,0.003,0.012,0.015,,0.032,,,,0.015,10,,WNW,4.9,,
23222020,2025/09/29,14,0.002,0.004,0.014,0.018,,0.030,,,,0.018,16,,NW,3.9,,
23222020,2025/09/29,15,0.003,0.004,0.015,0.019,,0.029,,,,0.020,18,,WNW,4.3,,
23222020,2025/09/29,16,0.003,0.003,0.014,0.017,,0.030,,,,0.022,19,,NW,5.8,,
23222020,2025/09/29,17,0.003,0.002,0.015,0.017,,0.029,,,,0.021,16,,WNW,4.9,,
23222020,2025/09/29,18,0.004,0.001,0.020,0.021,,0.026,,,,0.018,11,,NW,4.4,,
23222020,2025/09/29,19,0.005,0.001,0.023,0.024,,0.021,,,,0.021,15,,NW,5.0,,
23222020,2025/09/29,20,0.005,0.001,0.019,0.020,,0.024,,,,0.018,12,,NW,4.3,,
23222020,2025/09/29,21,0.004,0,0.019,0.019,,0.024,,,,0.019,12,,NW,4.6,,
23222020,2025/09/29,22,0.004,0,0.013,0.013,,0.029,,,,0.014,11,,WNW,2.5,,
23222020,2025/09/29,23,0.004,0,0.015,0.015,,0.026,,,,0.014,9,,NW,2.6,,
23222020,2025/09/29,24,0.006,0,0.023,0.023,,0.019,,,,0.025,17,,NW,2.1,,
23222020,2025/09/30,01,0.002,0,0.009,0.009,,0.030,,,,0.008,6,,W,2.2,,
23222020,2025/09/30,02,0.004,0.001,0.019,0.020,,0.022,,,,0.016,11,,NW,2.3,,
23222020,2025/09/30,03,0.006,0.001,0.022,0.023,,0.019,,,,0.020,12,,W,2.3,,
23222020,2025/09/30,04,0.005,0,0.019,0.019,,0.020,,,,0.021,11,,NNW,1.5,,
23222020,2025/09/30,05,0.002,0,0.015,0.015,,0.021,,,,0.008,5,,NNE,2.8,,
23222020,2025/09/30,06,0.001,0,0.010,0.010,,0.021,,,,0.005,5,,ENE,1.6,,
23222020,2025/09/30,07,0,0.001,0.013,0.014,,0.016,,,,0.007,3,,NNE,1.5,,
23222020,2025/09/30,08,0.001,0.004,0.014,0.018,,0.018,,,,0.009,5,,ESE,1.9,,
23222020,2025/09/30,09,0.001,0.004,0.013,0.017,,0.019,,,,0.008,6,,NNE,1.8,,
23222020,2025/09/30,10,0.001,0.003,0.013,0.016,,0.029,,,,0.008,6,,NE,1.6,,
23222020,2025/09/30,11,0.002,0.004,0.014,0.018,,0.030,,,,0.012,10,,WNW,2.0,,
23222020,2025/09/30,12,0.003,0.005,0.018,0.023,,0.033,,,,0.014,11,,SSE,2.3,,
23222020,2025/09/30,13,0.003,0.002,0.010,0.012,,0.046,,,,0.010,9,,SW,2.8,,
23222020,2025/09/30,14,0.004,0.001,0.006,0.007,,0.049,,,,0.009,8,,SSE,4.9,,
23222020,2025/09/30,15,0.004,0.001,0.004,0.005,,0.048,,,,0.007,9,,S,4.8,,
23222020,2025/09/30,16,0.003,0,0.003,0.003,,0.044,,,,0.007,7,,S,4.9,,
23222020,2025/09/30,17,0.003,0,0.004,0.004,,0.042,,,,0.009,6,,S,3.4,,
23222020,2025/09/30,18,0.003,0,0.004,0.004,,0.043,,,,0.009,5,,S,2.5,,
23222020,2025/09/30,19,0.004,0,0.005,0.005,,0.040,,,,0.011,9,,S,2.0,,
23222020,2025/09/30,20,0.004,0,0.004,0.004,,0.040,,,,0.012,9,,SSE,2.2,,
23222020,2025/09/30,21,0.003,0,0.004,0.004,,0.040,,,,0.012,7,,SW,1.2,,
23222020,2025/09/30,22,0.003,0,0.005,0.005,,0.036,,,,0.012,7,,ESE,1.0,,
23222020,2025/09/30,23,0.003,0,0.007,0.007,,0.032,,,,0.014,8,,ESE,1.5,,
23222020,2025/09/30,24,0.003,0,0.006,0.006,,0.030,,,,0.011,6,,E,1.4,,
