測定局コード,日付,時,SO2(ppm),NO(ppm),NO2(ppm),NOx(ppm),CO(ppm),Ox(ppm),NMHC(ppmC),CH4(ppmC),THC(ppmC),SPM(mg/m3),PM2.5(μg/m3),SP(mg/m3),WD(16Dir),WS(m/s),TEMP(℃),HUM(％)
16201400,2025/09/01,01,0,0,0.003,0.003,,0.020,0.01,1.86,1.87,0.021,14,,SE,0.6,,
16201400,2025/09/01,02,0,-,-,-,,0.019,0,1.85,1.85,0.012,11,,ESE,1.0,,
16201400,2025/09/01,03,0,0,0.003,0.003,,0.022,0.01,1.86,1.87,0,15,,SSE,2.0,,
16201400,2025/09/01,04,0,0,0.002,0.002,,0.039,0.01,1.78,1.79,0.019,16,,SSW,3.0,,
16201400,2025/09/01,05,0,0,0.001,0.001,,0.041,0.01,1.76,1.77,0.015,17,,S,3.0,,
16201400,2025/09/01,06,0,0.001,0.001,0.002,,0.043,0.01,1.76,1.77,0.019,19,,SSW,3.3,,
16201400,2025/09/01,07,0,0,0.002,0.002,,0.044,0,1.76,1.76,0.020,16,,S,4.3,,
16201400,2025/09/01,08,0,0.001,0.002,0.003,,0.048,0.01,1.76,1.77,0.023,19,,S,4.5,,
16201400,2025/09/01,09,0,0,0.001,0.001,,0.049,0.01,1.76,1.77,0.006,15,,S,5.7,,
16201400,2025/09/01,10,0,0.001,0.002,0.003,,0.048,0.01,1.76,1.77,0.016,16,,S,5.0,,
16201400,2025/09/01,11,0,0.001,0.001,0.002,,0.047,0.01,1.76,1.77,0.017,15,,S,4.1,,
16201400,2025/09/01,12,0,0.001,0.002,0.003,,0.047,0.01,1.76,1.77,0.012,19,,WSW,2.5,,
16201400,2025/09/01,13,0,0,0.002,0.002,,0.053,0.01,1.75,1.76,0.130,22,,NW,4.9,,
16201400,2025/09/01,14,0,0.001,0.003,0.004,,0.062,0.01,1.74,1.75,0.032,24,,WNW,4.0,,
16201400,2025/09/01,15,0,0,0.002,0.002,,0.053,0,1.74,1.74,0.015,15,,W,4.5,,
16201400,2025/09/01,16,0.001,0,0.002,0.002,,0.051,0,1.74,1.74,0.011,13,,W,4.1,,
16201400,2025/09/01,17,0,0,0.001,0.001,,0.037,0.01,1.73,1.74,0,11,,W,3.2,,
16201400,2025/09/01,18,0,0,0.002,0.002,,0.027,0.01,1.73,1.74,0.007,11,,W,2.5,,
16201400,2025/09/01,19,0,0,0.002,0.002,,0.025,0.01,1.74,1.75,0.007,8,,ESE,1.0,,
16201400,2025/09/01,20,0,0.001,0.003,0.004,,0.024,0.01,1.74,1.75,0.009,9,,SE,1.2,,
16201400,2025/09/01,21,0,0,0.004,0.004,,0.019,0.01,1.81,1.82,0.023,13,,E,1.1,,
16201400,2025/09/01,22,0,0.001,0.008,0.009,,0.013,0.01,1.91,1.92,0.020,15,,SE,1.0,,
16201400,2025/09/01,23,0,0.001,0.005,0.006,,0.017,0.01,1.89,1.90,0.004,11,,SE,1.4,,
16201400,2025/09/01,24,0,0,0.004,0.004,,0.028,0.01,1.85,1.86,0.009,14,,SSE,1.7,,
16201400,2025/09/02,01,0.001,0,0.002,0.002,,0.045,0.01,1.76,1.77,0.021,18,,SSW,4.0,,
16201400,2025/09/02,02,0.001,-,-,-,,0.041,0.01,1.74,1.75,0.016,16,,SSW,4.4,,
16201400,2025/09/02,03,0,0,0.002,0.002,,0.036,0.01,1.73,1.74,0.012,13,,S,5.0,,
16201400,2025/09/02,04,0,0,0.001,0.001,,0.033,0.01,1.73,1.74,0.005,11,,SSW,4.7,,
16201400,2025/09/02,05,0,0,0.001,0.001,,0.028,0.01,1.72,1.73,0.012,9,,SSW,4.7,,
16201400,2025/09/02,06,0,0,0.001,0.001,,0.025,0.01,1.72,1.73,0.007,12,,SSW,4.2,,
16201400,2025/09/02,07,0,0,0.001,0.001,,0.023,0,1.72,1.72,0.007,11,,SSW,5.2,,
16201400,2025/09/02,08,0,0.001,0.001,0.002,,0.025,0.01,1.72,1.73,0.008,10,,SSW,5.1,,
16201400,2025/09/02,09,0,0.001,0.001,0.002,,0.031,0.01,1.72,1.73,0.008,9,,S,5.8,,
16201400,2025/09/02,10,0,0.001,0.001,0.002,,0.033,0.01,1.73,1.74,0.017,12,,S,4.9,,
16201400,2025/09/02,11,0,0.001,0.001,0.002,,0.034,0,1.72,1.72,0.033,12,,W,3.4,,
16201400,2025/09/02,12,0,0,0.002,0.002,,0.043,0.01,1.74,1.75,0.001,9,,W,4.4,,
16201400,2025/09/02,13,0,0,0.002,0.002,,0.035,0.01,1.72,1.73,0.014,7,,WSW,4.0,,
16201400,2025/09/02,14,0.001,0,0.002,0.002,,0.039,0,1.72,1.72,0.013,15,,W,5.2,,
16201400,2025/09/02,15,0.001,0,0.002,0.002,,0.031,0.01,1.69,1.70,0.013,16,,W,4.8,,
16201400,2025/09/02,16,0.002,0,0.001,0.001,,0.026,0.01,1.68,1.69,0.010,14,,W,4.7,,
16201400,2025/09/02,17,0.001,0,0.001,0.001,,0.029,0.01,1.70,1.71,0.025,13,,W,4.3,,
16201400,2025/09/02,18,0.002,0,0.001,0.001,,0.032,0.01,1.72,1.73,0.033,15,,W,2.4,,
16201400,2025/09/02,19,0.002,0,0.002,0.002,,0.031,0.01,1.74,1.75,0.026,19,,SW,1.8,,
16201400,2025/09/02,20,0.002,0,0.003,0.003,,0.028,0.01,1.72,1.73,0.032,16,,WSW,1.1,,
16201400,2025/09/02,21,0.002,0,0.004,0.004,,0.022,0.01,1.79,1.80,0.030,17,,SW,1.8,,
16201400,2025/09/02,22,0.002,0,0.004,0.004,,0.013,0.01,1.76,1.77,0.017,19,,SSW,1.7,,
16201400,2025/09/02,23,0.002,0,0.003,0.003,,0.014,0.01,1.72,1.73,0.031,19,,S,1.4,,
16201400,2025/09/02,24,0.001,0.005,0.007,0.012,,0.009,0.01,1.74,1.75,0.043,21,,W,2.0,,
16201400,2025/09/03,01,0.001,0,0.004,0.004,,0.016,0.01,1.81,1.82,0.065,23,,SW,1.5,,
16201400,2025/09/03,02,-,-,-,-,,-,0.01,1.83,1.84,0.022,19,,S,1.9,,
16201400,2025/09/03,03,0.001,0,0.004,0.004,,0.017,0.01,1.81,1.82,0.011,16,,WSW,0.7,,
16201400,2025/09/03,04,0.001,0.001,0.004,0.005,,0.014,0.01,1.79,1.80,0.022,18,,ESE,1.5,,
16201400,2025/09/03,05,0.001,0.001,0.004,0.005,,0.009,0.01,1.78,1.79,0.035,19,,ENE,0.2,,
16201400,2025/09/03,06,0,0.001,0.005,0.006,,0.018,0.01,1.80,1.81,0.045,11,,NW,3.2,,
16201400,2025/09/03,07,0.001,0.001,0.011,0.012,,0.026,0.01,1.73,1.74,0.026,11,,SSW,1.1,,
16201400,2025/09/03,08,0.001,0.001,0.010,0.011,,0.026,0.01,1.74,1.75,0.014,9,,WSW,0.7,,
16201400,2025/09/03,09,0.001,0.002,0.006,0.008,,0.033,0.01,1.76,1.77,0,9,,N,2.8,,
16201400,2025/09/03,10,0,0.001,0.005,0.006,,0.033,0.01,1.74,1.75,0.009,14,,E,1.1,,
16201400,2025/09/03,11,0,0.001,0.003,0.004,,0.033,0.01,1.74,1.75,0.016,12,,SE,0.9,,
16201400,2025/09/03,12,0.001,0.001,0.005,0.006,,0.046,0.01,1.74,1.75,0.024,13,,NNW,2.5,,
16201400,2025/09/03,13,0.001,0.001,0.003,0.004,,0.046,0.01,1.76,1.77,0,8,,NNE,2.7,,
16201400,2025/09/03,14,0,0,0.001,0.001,,0.046,0.01,1.73,1.74,0.020,11,,N,3.2,,
16201400,2025/09/03,15,0,0,0.001,0.001,,0.046,0.01,1.74,1.75,0,6,,NNE,3.9,,
16201400,2025/09/03,16,0,0.001,0.002,0.003,,0.044,0.01,1.77,1.78,0,9,,NNE,3.6,,
16201400,2025/09/03,17,0,0.001,0.004,0.005,,0.042,0.01,1.77,1.78,0.006,4,,NNE,3.3,,
16201400,2025/09/03,18,0,0,0.005,0.005,,0.041,0.01,1.77,1.78,0.015,7,,NNE,2.5,,
16201400,2025/09/03,19,0,0,0.005,0.005,,0.041,0.01,1.79,1.80,0.011,10,,NE,3.1,,
16201400,2025/09/03,20,0.001,0.001,0.012,0.013,,0.036,0.01,1.79,1.80,0.008,10,,NE,2.9,,
16201400,2025/09/03,21,0,0,0.009,0.009,,0.039,0.01,1.78,1.79,0.012,8,,NE,3.5,,
16201400,2025/09/03,22,0,0,0.005,0.005,,0.039,0.01,1.79,1.80,0.003,6,,ENE,2.7,,
16201400,2025/09/03,23,0,0,0.004,0.004,,0.027,0.01,1.83,1.84,0.007,6,,E,0.6,,
16201400,2025/09/03,24,0,0.001,0.006,0.007,,0.018,0.01,1.88,1.89,0.008,8,,ESE,2.0,,
16201400,2025/09/04,01,0,0,0.003,0.003,,0.021,0.01,1.85,1.86,0.013,5,,ENE,1.8,,
16201400,2025/09/04,02,0,-,-,-,,0.024,0.01,1.83,1.84,0.002,4,,NNE,0.5,,
16201400,2025/09/04,03,0,0.001,0.004,0.005,,0.021,0.01,1.81,1.82,0.002,7,,ESE,0.9,,
16201400,2025/09/04,04,0,0.001,0.005,0.006,,0.015,0.01,1.82,1.83,0.012,7,,SE,0.2,,
16201400,2025/09/04,05,0,0,0.007,0.007,,0.013,0.01,1.82,1.83,0.011,9,,E,0.5,,
16201400,2025/09/04,06,0,0.001,0.006,0.007,,0.007,0.01,1.89,1.90,0.012,12,,S,0.5,,
16201400,2025/09/04,07,0,0.002,0.006,0.008,,0.009,0.01,1.90,1.91,0.022,7,,SW,0.8,,
16201400,2025/09/04,08,0,0.003,0.005,0.008,,0.021,0.01,1.84,1.85,0,8,,SE,1.1,,
16201400,2025/09/04,09,0,0.002,0.004,0.006,,0.031,0.01,1.81,1.82,0.004,10,,W,1.8,,
16201400,2025/09/04,10,0,0.001,0.003,0.004,,0.040,0.01,1.79,1.80,0.021,7,,NNW,3.5,,
16201400,2025/09/04,11,0.001,0,0.002,0.002,,0.049,0.01,1.80,1.81,0,9,,N,2.6,,
16201400,2025/09/04,12,0,0,0.001,0.001,,0.047,0.01,1.76,1.77,0.016,10,,N,3.6,,
16201400,2025/09/04,13,0,0,0.001,0.001,,0.052,0,1.78,1.78,0.013,5,,N,3.6,,
16201400,2025/09/04,14,0,0,0.001,0.001,,0.051,0.01,1.77,1.78,0.020,5,,N,3.2,,
16201400,2025/09/04,15,0,0.001,0.002,0.003,,0.049,0.01,1.79,1.80,0.031,7,,ENE,2.5,,
16201400,2025/09/04,16,0,0,0.001,0.001,,0.050,0.01,1.77,1.78,0,7,,SE,1.3,,
16201400,2025/09/04,17,0,0,0.005,0.005,,0.039,0.01,1.79,1.80,0.096,10,,SW,1.5,,
16201400,2025/09/04,18,0,0,0.005,0.005,,0.027,0.01,1.78,1.79,0,4,,W,1.8,,
16201400,2025/09/04,19,0,0,0.004,0.004,,0.027,0.01,1.78,1.79,0,6,,ESE,0.5,,
16201400,2025/09/04,20,0,0,0.005,0.005,,0.027,0.01,1.79,1.80,0.022,6,,E,0.6,,
16201400,2025/09/04,21,0,0,0.005,0.005,,0.021,0.01,1.75,1.76,0.015,10,,ENE,1.2,,
16201400,2025/09/04,22,0,0,0.003,0.003,,0.022,0.01,1.76,1.77,0.023,3,,ENE,1.5,,
16201400,2025/09/04,23,0,0,0.003,0.003,,0.016,0.01,1.79,1.80,0,7,,E,1.8,,
16201400,2025/09/04,24,0,0,0.004,0.004,,0.011,0.01,1.76,1.77,0,5,,E,1.0,,
16201400,2025/09/05,01,0,0,0.003,0.003,,0.014,0.01,1.75,1.76,0.038,8,,SE,1.8,,
16201400,2025/09/05,02,0,-,-,-,,0.004,0.01,1.78,1.79,0.017,9,,ESE,2.0,,
16201400,2025/09/05,03,0,0.001,0.004,0.005,,0.003,0,1.76,1.76,0.009,6,,ESE,1.3,,
16201400,2025/09/05,04,0,0.002,0.006,0.008,,0.002,0.01,1.76,1.77,0.030,12,,ENE,1.1,,
16201400,2025/09/05,05,0,0.001,0.005,0.006,,0.001,0.01,1.77,1.78,0.016,12,,SE,1.2,,
16201400,2025/09/05,06,0,0.001,0.003,0.004,,0.003,0.01,1.79,1.80,0,2,,ESE,0.8,,
16201400,2025/09/05,07,0,0.001,0.004,0.005,,0.002,0.01,1.76,1.77,0.008,1,,ESE,0.8,,
16201400,2025/09/05,08,0,0.002,0.005,0.007,,0.003,0.01,1.76,1.77,0.006,1,,S,1.6,,
16201400,2025/09/05,09,0,0.002,0.004,0.006,,0.004,0.01,1.73,1.74,0,2,,ESE,2.2,,
16201400,2025/09/05,10,0,0.004,0.004,0.008,,0.007,0.01,1.73,1.74,0.016,7,,NNW,1.9,,
16201400,2025/09/05,11,0,0.002,0.002,0.004,,0.011,0.01,1.71,1.72,0.008,2,,NNE,0.2,,
16201400,2025/09/05,12,0,0.001,0.002,0.003,,0.015,0.01,1.70,1.71,0,7,,SW,0.5,,
16201400,2025/09/05,13,0,0.001,0.002,0.003,,0.021,0.01,1.70,1.71,0.003,-5,,NW,3.0,,
16201400,2025/09/05,14,0,0.001,0.001,0.002,,0.024,0.01,1.69,1.70,0,7,,N,3.0,,
16201400,2025/09/05,15,0,0,0.001,0.001,,0.025,0.01,1.69,1.70,0.010,-2,,N,4.3,,
16201400,2025/09/05,16,0,0.001,0.002,0.003,,0.027,0.01,1.70,1.71,0.003,1,,N,3.7,,
16201400,2025/09/05,17,0,0,0.001,0.001,,0.023,0.01,1.69,1.70,0.009,5,,N,3.5,,
16201400,2025/09/05,18,0,0,0.001,0.001,,0.024,0.01,1.69,1.70,0.017,3,,N,3.4,,
16201400,2025/09/05,19,0,0,0.001,0.001,,0.028,0,1.69,1.69,0.035,6,,NNW,2.4,,
16201400,2025/09/05,20,0,0,0.001,0.001,,0.037,0.01,1.74,1.75,0.002,5,,NNW,2.8,,
16201400,2025/09/05,21,0,0,0,0,,0.049,0.01,1.79,1.80,0,10,,NNW,2.9,,
16201400,2025/09/05,22,0,0,0,0,,0.050,0.01,1.80,1.81,0.002,11,,N,2.6,,
16201400,2025/09/05,23,0,0,0,0,,0.051,0.01,1.80,1.81,0.015,12,,NNW,2.2,,
16201400,2025/09/05,24,0,0,0.001,0.001,,0.049,0.01,1.80,1.81,0.019,10,,NW,2.6,,
16201400,2025/09/06,01,0.001,0,0.004,0.004,,0.031,0.01,1.84,1.85,0.011,9,,WNW,1.5,,
16201400,2025/09/06,02,0.001,-,-,-,,0.039,-,-,-,0.018,12,,WSW,1.0,,
16201400,2025/09/06,03,0.001,0,0.003,0.003,,0.030,0.01,1.84,1.85,0.016,13,,SW,1.6,,
16201400,2025/09/06,04,0.001,0,0.003,0.003,,0.028,0,1.85,1.85,0.016,12,,SW,1.5,,
16201400,2025/09/06,05,0.001,0,0.004,0.004,,0.027,0.01,1.86,1.87,0.013,12,,SSW,2.3,,
16201400,2025/09/06,06,0.001,0,0.004,0.004,,0.024,0.01,1.89,1.90,0.008,11,,W,1.2,,
16201400,2025/09/06,07,0.001,0.001,0.005,0.006,,0.022,0.01,1.90,1.91,0.008,6,,S,1.6,,
16201400,2025/09/06,08,0.001,0.002,0.005,0.007,,0.028,0.01,1.88,1.89,0.016,11,,WSW,1.7,,
16201400,2025/09/06,09,0.001,0.001,0.004,0.005,,0.032,0.01,1.90,1.91,0.008,17,,WSW,1.6,,
16201400,2025/09/06,10,0.001,0.001,0.002,0.003,,0.044,0.01,1.88,1.89,0,10,,NNW,2.1,,
16201400,2025/09/06,11,0,0,0.001,0.001,,0.048,0.01,1.83,1.84,0.004,3,,N,2.4,,
16201400,2025/09/06,12,0,0,0.001,0.001,,0.048,0.01,1.82,1.83,0.011,5,,N,3.5,,
16201400,2025/09/06,13,0,0.001,0.001,0.002,,0.052,0.01,1.82,1.83,0.003,5,,N,3.1,,
16201400,2025/09/06,14,0,0,0.002,0.002,,0.054,0.01,1.82,1.83,0.009,7,,NNE,3.3,,
16201400,2025/09/06,15,0.001,0,0.002,0.002,,0.056,0.01,1.82,1.83,0.008,6,,N,2.6,,
16201400,2025/09/06,16,0.001,0.001,0.002,0.003,,0.060,0.01,1.83,1.84,0.009,9,,N,2.4,,
16201400,2025/09/06,17,0.001,0,0.001,0.001,,0.061,0.01,1.84,1.85,0.015,8,,N,2.1,,
16201400,2025/09/06,18,0,0,0.004,0.004,,0.044,0.01,1.81,1.82,0.022,14,,N,0.9,,
16201400,2025/09/06,19,0.001,0,0.003,0.003,,0.044,0.01,1.81,1.82,0.011,6,,N,1.1,,
16201400,2025/09/06,20,0,0,0.001,0.001,,0.042,0.01,1.83,1.84,0.031,8,,CALM,0.1,,
16201400,2025/09/06,21,0,0,0.004,0.004,,0.033,0.01,1.93,1.94,0.023,9,,SW,1.1,,
16201400,2025/09/06,22,0,0,0.004,0.004,,0.019,0.01,1.93,1.94,0.022,14,,SW,1.4,,
16201400,2025/09/06,23,0,0,0.003,0.003,,0.016,0.01,1.91,1.92,0.009,9,,SW,1.3,,
16201400,2025/09/06,24,0,0,0.003,0.003,,0.015,0.01,1.91,1.92,0.011,8,,SW,0.8,,
16201400,2025/09/07,01,0,0,0.003,0.003,,0.015,0.01,1.93,1.94,0.024,11,,WSW,1.8,,
16201400,2025/09/07,02,0,-,-,-,,0.020,0.01,2.11,2.12,0,8,,S,3.8,,
16201400,2025/09/07,03,0,0,0.002,0.002,,0.042,0.01,1.81,1.82,0.003,13,,S,4.4,,
16201400,2025/09/07,04,0,0,0.001,0.001,,0.038,0.01,1.79,1.80,0.012,11,,SSW,4.4,,
16201400,2025/09/07,05,0,0,0.001,0.001,,0.041,0.01,1.79,1.80,0.015,15,,SSW,4.4,,
16201400,2025/09/07,06,0,0,0.001,0.001,,0.039,0.01,1.79,1.80,0.014,10,,S,4.3,,
16201400,2025/09/07,07,0,0,0.001,0.001,,0.038,0.01,1.78,1.79,0.015,15,,SSW,5.1,,
16201400,2025/09/07,08,0,0,0.001,0.001,,0.039,0.01,1.78,1.79,0.012,12,,SSW,4.7,,
16201400,2025/09/07,09,0,0,0.002,0.002,,0.040,0,1.78,1.78,0.012,9,,S,4.2,,
16201400,2025/09/07,10,0,0,0.001,0.001,,0.041,0.01,1.77,1.78,0.010,12,,S,4.4,,
16201400,2025/09/07,11,0,0,0.002,0.002,,0.041,0.01,1.77,1.78,0.014,14,,SSW,3.5,,
16201400,2025/09/07,12,0,0.001,0.001,0.002,,0.042,0.01,1.77,1.78,0.029,9,,SW,4.0,,
16201400,2025/09/07,13,0,0,0.001,0.001,,0.040,0.01,1.76,1.77,0.032,12,,WSW,3.7,,
16201400,2025/09/07,14,0,0,0.001,0.001,,0.040,0.01,1.74,1.75,0.017,11,,WSW,3.8,,
16201400,2025/09/07,15,0,0,0.001,0.001,,0.040,0.01,1.73,1.74,0.022,8,,WSW,5.5,,
16201400,2025/09/07,16,0,0,0.001,0.001,,0.041,0.01,1.73,1.74,0.005,10,,W,5.2,,
16201400,2025/09/07,17,0,0,0.001,0.001,,0.039,0,1.73,1.73,0.022,15,,W,4.5,,
16201400,2025/09/07,18,0,0,0.001,0.001,,0.038,0.01,1.74,1.75,0.013,10,,WSW,3.6,,
16201400,2025/09/07,19,0,0,0.001,0.001,,0.036,0.01,1.74,1.75,0.009,13,,SW,2.4,,
16201400,2025/09/07,20,0,0,0.002,0.002,,0.035,0.01,1.76,1.77,0.010,10,,SW,1.3,,
16201400,2025/09/07,21,0,0,0.002,0.002,,0.032,0.01,1.79,1.80,0.020,11,,SW,1.0,,
16201400,2025/09/07,22,0,0,0.003,0.003,,0.027,0.01,1.81,1.82,0.045,-,,WSW,1.5,,
16201400,2025/09/07,23,0,0,0.003,0.003,,0.026,0,1.81,1.81,0.022,-,,SW,1.3,,
16201400,2025/09/07,24,0,0,0.005,0.005,,0.018,0.01,1.81,1.82,0,-,,SW,1.7,,
16201400,2025/09/08,01,0,0,0.002,0.002,,0.024,0.01,1.78,1.79,0.019,-,,SSW,1.9,,
16201400,2025/09/08,02,0,-,-,-,,0.027,0.01,1.79,1.80,0.018,-,,SW,1.7,,
16201400,2025/09/08,03,0,-,-,-,,0.027,0.01,1.77,1.78,0.103,-,,WSW,0.5,,
16201400,2025/09/08,04,0,-,-,-,,0.025,0.01,1.74,1.75,0.026,-,,WNW,2.5,,
16201400,2025/09/08,05,0,-,-,-,,0.034,0.01,1.75,1.76,0.004,-,,W,2.1,,
16201400,2025/09/08,06,0,0,0.004,0.004,,0.030,0.01,1.79,1.80,0.028,-,,W,1.4,,
16201400,2025/09/08,07,0,0,0.003,0.003,,0.031,0,1.77,1.77,0.020,-,,W,1.8,,
16201400,2025/09/08,08,0,0,0.004,0.004,,0.033,0.01,1.79,1.80,0.010,-,,SW,2.4,,
16201400,2025/09/08,09,0,0,0.005,0.005,,0.026,0.01,1.79,1.80,0.014,-,,S,1.1,,
16201400,2025/09/08,10,0,0.001,0.006,0.007,,0.027,0.01,1.78,1.79,0.017,-,,SE,2.2,,
16201400,2025/09/08,11,0,0.001,0.004,0.005,,0.028,-,-,-,0.052,-,,SSE,2.3,,
16201400,2025/09/08,12,0,0.001,0.002,0.003,,0.029,0.01,1.76,1.77,0,-,,SW,1.6,,
16201400,2025/09/08,13,0,0,0.002,0.002,,0.042,0.01,1.77,1.78,0.006,-,,WSW,1.9,,
16201400,2025/09/08,14,0.001,0.002,0.007,0.009,,0.051,0.01,1.81,1.82,0.020,-,,NNW,2.9,,
16201400,2025/09/08,15,0.001,0.003,0.006,0.009,,0.047,0.01,1.81,1.82,0.030,-,,N,3.2,,
16201400,2025/09/08,16,0.001,0.001,0.005,0.006,,0.048,0.01,1.81,1.82,0.012,-,,NW,2.3,,
16201400,2025/09/08,17,0,0.001,0.004,0.005,,0.046,0.01,1.80,1.81,0.001,-,,NNW,2.6,,
16201400,2025/09/08,18,0,0,0.001,0.001,,0.049,0.01,1.82,1.83,0.012,-,,NNW,1.9,,
16201400,2025/09/08,19,0,0,0.001,0.001,,0.048,0.01,1.82,1.83,0.021,-,,NNW,1.0,,
16201400,2025/09/08,20,0,0,0.011,0.011,,0.036,0.01,1.80,1.81,0.012,-,,N,0.5,,
16201400,2025/09/08,21,0,0.001,0.011,0.012,,0.031,0.01,1.81,1.82,0.025,-,,SE,1.4,,
16201400,2025/09/08,22,0,0,0.005,0.005,,0.032,0.01,1.87,1.88,0,-,,SW,0.8,,
16201400,2025/09/08,23,0,0.001,0.010,0.011,,0.023,0.01,1.91,1.92,0.030,-,,WNW,0.9,,
16201400,2025/09/08,24,0,0,0.006,0.006,,0.021,0.01,1.92,1.93,0.005,-,,WSW,1.0,,
16201400,2025/09/09,01,0,0,0.005,0.005,,0.015,0.01,2.09,2.10,0.020,-,,SW,1.2,,
16201400,2025/09/09,02,0,-,-,-,,0.014,0.01,2.05,2.06,0.019,-,,W,0.2,,
16201400,2025/09/09,03,0,0,0.007,0.007,,0.010,0.01,2.03,2.04,0.019,-,,CALM,0,,
16201400,2025/09/09,04,0,0,0.006,0.006,,0.009,0.01,2.04,2.05,0.011,-,,WSW,0.7,,
16201400,2025/09/09,05,0,0.001,0.006,0.007,,0.004,0.01,2.10,2.11,0.005,-,,SW,0.6,,
16201400,2025/09/09,06,0,0.002,0.005,0.007,,0.003,0.01,1.94,1.95,0.007,-,,SW,0.7,,
16201400,2025/09/09,07,0,0.003,0.004,0.007,,0.005,0.01,1.93,1.94,0.010,-,,SW,0.6,,
16201400,2025/09/09,08,0,0.002,0.003,0.005,,0.016,0.01,1.86,1.87,0.002,-,,E,0.4,,
16201400,2025/09/09,09,0,0.003,0.006,0.009,,0.024,0.01,1.83,1.84,0.029,-,,N,2.1,,
16201400,2025/09/09,10,0,0.002,0.006,0.008,,0.036,0.01,1.84,1.85,0.012,-,,N,2.5,,
16201400,2025/09/09,11,0,0.001,0.002,0.003,,0.046,0.01,1.81,1.82,0.024,-,,N,3.3,,
16201400,2025/09/09,12,0,0,0.002,0.002,,0.049,0.01,1.81,1.82,0.009,-,,N,3.3,,
16201400,2025/09/09,13,0,0.001,0.001,0.002,,0.051,0.01,1.81,1.82,0.012,-,,N,3.8,,
16201400,2025/09/09,14,0,0,0.001,0.001,,0.056,0.01,1.81,1.82,0.017,-,,N,3.4,,
16201400,2025/09/09,15,0,0,0.002,0.002,,0.053,0.01,1.82,1.83,0.016,-,,NNW,4.3,,
16201400,2025/09/09,16,0,0,0.001,0.001,,0.050,0.01,1.81,1.82,0.029,-,,NNE,3.1,,
16201400,2025/09/09,17,0,0,0.001,0.001,,0.049,0.01,1.82,1.83,0.008,-,,NNE,2.7,,
16201400,2025/09/09,18,0,0.001,0.007,0.008,,0.040,0.01,1.82,1.83,0.018,-,,NE,2.4,,
16201400,2025/09/09,19,0,0,0.002,0.002,,0.046,0,1.81,1.81,0.005,-,,NE,2.7,,
16201400,2025/09/09,20,0,0,0.004,0.004,,0.044,0.01,1.81,1.82,0.022,-,,NNW,1.7,,
16201400,2025/09/09,21,0,0,0.002,0.002,,0.044,0.01,1.83,1.84,0.027,-,,NNE,2.9,,
16201400,2025/09/09,22,0,0,0.004,0.004,,0.043,0.01,1.80,1.81,0,-,,N,4.0,,
16201400,2025/09/09,23,0,0,0.001,0.001,,0.053,0.01,1.79,1.80,0.002,-,,NNE,3.2,,
16201400,2025/09/09,24,0,0,0.001,0.001,,0.053,0.01,1.80,1.81,0.024,-,,NNE,2.8,,
16201400,2025/09/10,01,0,0,0.004,0.004,,0.048,0.01,1.80,1.81,0.028,-,,NNE,1.9,,
16201400,2025/09/10,02,-,-,-,-,,-,0.01,1.81,1.82,0.009,-,,E,0.6,,
16201400,2025/09/10,03,0,0,0.002,0.002,,0.045,0.01,1.82,1.83,0.010,-,,SSW,1.2,,
16201400,2025/09/10,04,0,0,0.002,0.002,,0.041,0.01,1.83,1.84,0.012,-,,SW,1.1,,
16201400,2025/09/10,05,0,0,0.002,0.002,,0.038,0.01,1.83,1.84,0.018,-,,WSW,0.4,,
16201400,2025/09/10,06,0,0,0.003,0.003,,0.036,0,1.82,1.82,0.014,-,,ESE,1.4,,
16201400,2025/09/10,07,0,0,0.004,0.004,,0.030,0.01,1.84,1.85,0.016,-,,ESE,0.2,,
16201400,2025/09/10,08,0,0.001,0.005,0.006,,0.037,0.01,1.84,1.85,0.015,-,,SSW,1.1,,
16201400,2025/09/10,09,0,0.002,0.004,0.006,,0.044,0.01,1.83,1.84,0.015,-,,W,1.5,,
16201400,2025/09/10,10,0,0.001,0.006,0.007,,0.046,0.01,1.83,1.84,0.028,-,,N,2.5,,
16201400,2025/09/10,11,0,0,0.003,0.003,,0.050,0.01,1.83,1.84,0.005,-,,N,3.0,,
16201400,2025/09/10,12,0,0,0.002,0.002,,0.050,0.01,1.82,1.83,0.008,-,,NNE,5.2,,
16201400,2025/09/10,13,0,0,0.002,0.002,,0.051,0.01,1.82,1.83,0.009,-,,NNE,4.0,,
16201400,2025/09/10,14,0,0.001,0.004,0.005,,0.047,0.01,1.81,1.82,0.008,-,,NNE,3.5,,
16201400,2025/09/10,15,0,0,0.002,0.002,,0.049,0.01,1.81,1.82,0.007,-,,N,4.9,,
16201400,2025/09/10,16,0,0,0.001,0.001,,0.049,0.01,1.79,1.80,0.054,-,,N,4.9,,
16201400,2025/09/10,17,0,0,0.002,0.002,,0.048,0.01,1.79,1.80,0,-,,NE,3.4,,
16201400,2025/09/10,18,0,0,0.004,0.004,,0.045,0.01,1.79,1.80,0.009,-,,NE,2.8,,
16201400,2025/09/10,19,0,0,0.004,0.004,,0.042,0.01,1.79,1.80,0.005,-,,NNE,3.5,,
16201400,2025/09/10,20,0,0,0.004,0.004,,0.043,0.01,1.79,1.80,0.005,-,,NE,4.8,,
16201400,2025/09/10,21,0,0,0.001,0.001,,0.042,0,1.79,1.79,0,-,,ENE,3.1,,
16201400,2025/09/10,22,0,0,0.003,0.003,,0.032,0.01,1.81,1.82,0.021,-,,SSE,0.6,,
16201400,2025/09/10,23,0,0,0.003,0.003,,0.028,0.01,1.83,1.84,0.030,-,,ESE,1.3,,
16201400,2025/09/10,24,0,0,0.003,0.003,,0.025,0.01,1.85,1.86,0.032,-,,CALM,0.1,,
16201400,2025/09/11,01,0,0,0.005,0.005,,0.027,0.01,1.85,1.86,0,-,,N,1.4,,
16201400,2025/09/11,02,0,-,-,-,,0.034,0.01,1.76,1.77,0.013,-,,SE,3.6,,
16201400,2025/09/11,03,0,0,0.002,0.002,,0.034,0.01,1.76,1.77,0,-,,SSE,1.4,,
16201400,2025/09/11,04,0,0,0.004,0.004,,0.032,0.01,1.75,1.76,0.005,-,,WSW,1.4,,
16201400,2025/09/11,05,0,0,0.003,0.003,,0.028,0.01,1.79,1.80,0.014,-,,SW,1.1,,
16201400,2025/09/11,06,0,0,0.005,0.005,,0.022,0.01,1.80,1.81,0.009,-,,SE,0.9,,
16201400,2025/09/11,07,0,0,0.005,0.005,,0.018,0.01,1.81,1.82,0,-,,SSE,1.1,,
16201400,2025/09/11,08,0,0,0.005,0.005,,0.023,0.01,1.78,1.79,0.009,-,,WSW,1.2,,
16201400,2025/09/11,09,0,0.002,0.007,0.009,,0.019,0.01,1.78,1.79,0.022,-,,WSW,1.1,,
16201400,2025/09/11,10,0,0.001,0.006,0.007,,0.029,0.01,1.79,1.80,0,-,,SW,2.4,,
16201400,2025/09/11,11,0,0.001,0.004,0.005,,0.039,0.01,1.76,1.77,0,-,,SSE,0.9,,
16201400,2025/09/11,12,0,0,0.002,0.002,,0.048,0.01,1.75,1.76,0.006,-,,W,0.5,,
16201400,2025/09/11,13,0.001,0.002,0.007,0.009,,0.044,0.01,1.76,1.77,0.009,-,,NNW,3.7,,
16201400,2025/09/11,14,0.001,0.001,0.003,0.004,,0.052,0.01,1.78,1.79,0.017,-,,NNE,2.8,,
16201400,2025/09/11,15,0,0,0.002,0.002,,0.055,0.01,1.77,1.78,0.009,-,,NNE,3.0,,
16201400,2025/09/11,16,0,0,0.002,0.002,,0.053,0,1.76,1.76,0.012,-,,NNE,3.9,,
16201400,2025/09/11,17,0,0.001,0.006,0.007,,0.042,0,1.75,1.75,0.018,-,,NE,3.6,,
16201400,2025/09/11,18,0,0.001,0.004,0.005,,0.042,0.01,1.75,1.76,0,-,,NNE,2.9,,
16201400,2025/09/11,19,0,0,0.001,0.001,,0.046,0.01,1.76,1.77,0.006,-,,NNE,3.0,,
16201400,2025/09/11,20,0,0,0.007,0.007,,0.043,0.01,1.77,1.78,0.019,-,,NNE,3.1,,
16201400,2025/09/11,21,0,0.001,0.013,0.014,,0.031,0.01,1.76,1.77,0.008,-,,NE,2.0,,
16201400,2025/09/11,22,0,0.001,0.006,0.007,,0.024,0.01,1.79,1.80,0.014,-,,ENE,1.5,,
16201400,2025/09/11,23,0,0,0.004,0.004,,0.019,0.01,1.89,1.90,0.015,-,,ENE,1.6,,
16201400,2025/09/11,24,0,0,0.004,0.004,,0.020,0.01,1.84,1.85,0.010,-,,E,0.6,,
16201400,2025/09/12,01,0,0,0.005,0.005,,0.018,0.01,1.82,1.83,0.011,-,,ENE,0.9,,
16201400,2025/09/12,02,0,-,-,-,,0.020,0.01,1.84,1.85,0.022,-,,ESE,1.1,,
16201400,2025/09/12,03,0,0,0.005,0.005,,0.014,0.01,1.86,1.87,0.037,-,,CALM,0,,
16201400,2025/09/12,04,0,0,0.005,0.005,,0.012,0.01,1.87,1.88,0.019,-,,SSW,0.6,,
16201400,2025/09/12,05,0,0.001,0.009,0.010,,0.006,0.01,1.90,1.91,0.011,-,,SSW,1.0,,
16201400,2025/09/12,06,0,0.001,0.006,0.007,,0.007,0.01,1.90,1.91,0.009,-,,SW,1.1,,
16201400,2025/09/12,07,0.001,0.002,0.006,0.008,,0.007,0.01,1.85,1.86,0.012,-,,S,0.7,,
16201400,2025/09/12,08,0.001,0.003,0.006,0.009,,0.015,0.01,1.83,1.84,0.008,-,,WSW,2.1,,
16201400,2025/09/12,09,0.001,0.003,0.006,0.009,,0.018,0.01,1.81,1.82,0.010,-,,W,1.6,,
16201400,2025/09/12,10,0,0.002,0.004,0.006,,0.029,0.01,1.88,1.89,0.010,-,,N,2.1,,
16201400,2025/09/12,11,-,-,-,-,,-,0.01,1.85,1.86,-,-,,N,2.6,,
16201400,2025/09/12,12,-,-,-,-,,-,0.01,1.78,1.79,-,12,,NNW,1.4,,
16201400,2025/09/12,13,0,0.001,0.004,0.005,,0.036,0.01,1.71,1.72,0.014,5,,W,1.6,,
16201400,2025/09/12,14,0,0.004,0.014,0.018,,0.026,0.01,1.97,1.98,0.005,3,,ESE,2.0,,
16201400,2025/09/12,15,0,0,0.004,0.004,,0.034,0.01,1.76,1.77,0.005,3,,ENE,1.7,,
16201400,2025/09/12,16,0,0,0.003,0.003,,0.037,0.01,1.75,1.76,0.020,11,,ENE,1.6,,
16201400,2025/09/12,17,0,0,0.003,0.003,,0.035,0.01,1.76,1.77,0.021,4,,E,0.9,,
16201400,2025/09/12,18,0,0,0.006,0.006,,0.026,0.01,1.80,1.81,0.013,12,,SSE,1.7,,
16201400,2025/09/12,19,0,0,0.005,0.005,,0.026,0.01,1.77,1.78,0.024,4,,ESE,2.2,,
16201400,2025/09/12,20,0,0,0.005,0.005,,0.019,0.01,1.79,1.80,0.020,7,,S,1.7,,
16201400,2025/09/12,21,0,0,0.003,0.003,,0.019,0.01,1.77,1.78,0,5,,S,3.6,,
16201400,2025/09/12,22,0,0,0.001,0.001,,0.024,0.01,1.75,1.76,0.008,8,,S,1.9,,
16201400,2025/09/12,23,0,0,0.004,0.004,,0.019,0,1.75,1.75,0.014,3,,SW,2.0,,
16201400,2025/09/12,24,0,0,0.004,0.004,,0.021,0.01,1.79,1.80,0,3,,S,2.1,,
16201400,2025/09/13,01,0,0,0.003,0.003,,0.022,0.01,1.75,1.76,0.011,4,,ESE,3.0,,
16201400,2025/09/13,02,0,-,-,-,,0.022,-,-,-,0.007,3,,ESE,1.7,,
16201400,2025/09/13,03,0,-,-,-,,0.013,0.01,1.79,1.80,0.023,3,,SSE,1.7,,
16201400,2025/09/13,04,0,-,-,-,,0.022,0.01,1.79,1.80,0,8,,ESE,1.2,,
16201400,2025/09/13,05,0,-,-,-,,0.022,0.01,1.79,1.80,0,6,,SE,1.9,,
16201400,2025/09/13,06,0,-,-,-,,0.027,0.01,1.76,1.77,0,3,,SSE,4.5,,
16201400,2025/09/13,07,0,-,-,-,,0.026,0.01,1.73,1.74,0.004,2,,S,5.8,,
16201400,2025/09/13,08,0,-,-,-,,0.025,0.01,1.73,1.74,0.004,5,,S,5.0,,
16201400,2025/09/13,09,0,-,-,-,,0.017,0.01,1.80,1.81,0.064,7,,SW,1.3,,
16201400,2025/09/13,10,0,-,-,-,,0.025,0.01,1.79,1.80,0,6,,S,5.3,,
16201400,2025/09/13,11,0,-,-,-,,0.025,0.01,1.73,1.74,0.004,8,,S,5.4,,
16201400,2025/09/13,12,0,-,-,-,,0.024,0.01,1.73,1.74,0.012,4,,S,4.8,,
16201400,2025/09/13,13,0,-,-,-,,0.021,0.01,1.72,1.73,0.006,-1,,S,5.8,,
16201400,2025/09/13,14,0,-,-,-,,0.022,0.01,1.72,1.73,0,1,,S,5.0,,
16201400,2025/09/13,15,0,-,-,-,,0.024,0.01,1.72,1.73,0.003,3,,S,5.2,,
16201400,2025/09/13,16,0,-,-,-,,0.024,0.01,1.71,1.72,0,2,,SSE,4.2,,
16201400,2025/09/13,17,0,-,-,-,,0.025,0,1.71,1.71,0.001,5,,S,5.5,,
16201400,2025/09/13,18,0,-,-,-,,0.025,0.01,1.71,1.72,0.014,3,,S,4.9,,
16201400,2025/09/13,19,0,-,-,-,,0.024,0.01,1.71,1.72,0.014,5,,S,5.5,,
16201400,2025/09/13,20,0,-,-,-,,0.023,0.01,1.72,1.73,0,4,,S,5.3,,
16201400,2025/09/13,21,0,-,-,-,,0.022,0.01,1.72,1.73,0,10,,S,5.6,,
16201400,2025/09/13,22,0,-,-,-,,0.021,0.01,1.72,1.73,0.019,3,,S,5.7,,
16201400,2025/09/13,23,0,-,-,-,,0.021,0.01,1.71,1.72,0.002,4,,S,5.7,,
16201400,2025/09/13,24,0,-,-,-,,0.022,0.01,1.71,1.72,0.026,5,,SSW,3.8,,
16201400,2025/09/14,01,0,-,-,-,,0.017,0.01,1.73,1.74,0.048,8,,WNW,3.9,,
16201400,2025/09/14,02,0,-,-,-,,0.022,0.01,1.74,1.75,0.017,5,,NNW,1.1,,
16201400,2025/09/14,03,0,-,-,-,,0.021,0.01,1.74,1.75,0.023,6,,SW,1.2,,
16201400,2025/09/14,04,0,-,-,-,,0.023,0,1.73,1.73,0,5,,SE,1.9,,
16201400,2025/09/14,05,0,-,-,-,,0.020,0.01,1.75,1.76,0.012,6,,S,1.5,,
16201400,2025/09/14,06,0,-,-,-,,0.020,0.01,1.77,1.78,0.019,6,,S,0.6,,
16201400,2025/09/14,07,0,-,-,-,,0.033,0.01,1.77,1.78,0,7,,NE,2.0,,
16201400,2025/09/14,08,0,-,-,-,,0.045,0.01,1.77,1.78,0,6,,NE,2.4,,
16201400,2025/09/14,09,0,-,-,-,,0.053,0.01,1.77,1.78,0,4,,NE,1.6,,
16201400,2025/09/14,10,0,-,-,-,,0.048,0.01,1.77,1.78,0.001,6,,CALM,0.1,,
16201400,2025/09/14,11,0,-,-,-,,0.047,0.01,1.79,1.80,0.013,6,,CALM,0,,
16201400,2025/09/14,12,0,-,-,-,,0.050,0.01,1.78,1.79,0.018,2,,E,2.2,,
16201400,2025/09/14,13,0,-,-,-,,0.051,0.01,1.79,1.80,0,7,,NE,0.9,,
16201400,2025/09/14,14,0,-,-,-,,0.052,0.01,1.79,1.80,0.009,4,,N,1.9,,
16201400,2025/09/14,15,0,-,-,-,,0.053,0.01,1.77,1.78,0.005,5,,N,1.9,,
16201400,2025/09/14,16,0,-,-,-,,0.054,0.01,1.77,1.78,0,4,,NNE,2.8,,
16201400,2025/09/14,17,0,-,-,-,,0.054,0.01,1.77,1.78,0,3,,NE,2.1,,
16201400,2025/09/14,18,0,-,-,-,,0.048,0.01,1.78,1.79,0.004,4,,ENE,1.4,,
16201400,2025/09/14,19,0,-,-,-,,0.049,0.01,1.79,1.80,0.017,8,,SE,1.0,,
16201400,2025/09/14,20,0,-,-,-,,0.042,0.01,1.80,1.81,0.019,4,,WSW,0.7,,
16201400,2025/09/14,21,0,-,-,-,,0.034,0,1.85,1.85,0.012,7,,SW,0.8,,
16201400,2025/09/14,22,0,-,-,-,,0.035,0.01,1.84,1.85,0.015,7,,SW,0.6,,
16201400,2025/09/14,23,0,-,-,-,,0.026,0.01,1.87,1.88,0.016,8,,S,0.5,,
16201400,2025/09/14,24,0,-,-,-,,0.021,0.01,1.89,1.90,0,5,,WSW,0.4,,
16201400,2025/09/15,01,0,-,-,-,,0.016,0.01,1.89,1.90,0.010,6,,CALM,0,,
16201400,2025/09/15,02,0,-,-,-,,0.020,0.01,1.90,1.91,0,5,,SW,0.2,,
16201400,2025/09/15,03,0,-,-,-,,0.017,0.01,1.89,1.90,0.011,8,,W,0.4,,
16201400,2025/09/15,04,0,-,-,-,,0.017,0.01,1.94,1.95,0.016,8,,SSE,0.9,,
16201400,2025/09/15,05,0,-,-,-,,0.016,0.01,1.93,1.94,0.016,3,,SE,1.3,,
16201400,2025/09/15,06,0,-,-,-,,0.012,0.01,1.92,1.93,0.017,5,,SSW,0.8,,
16201400,2025/09/15,07,0,-,-,-,,0.023,0.01,1.89,1.90,0.015,5,,SSW,1.0,,
16201400,2025/09/15,08,0,-,-,-,,0.036,0.01,1.83,1.84,0.041,1,,S,2.1,,
16201400,2025/09/15,09,0,-,-,-,,0.034,0.01,1.82,1.83,0.017,5,,SE,1.9,,
16201400,2025/09/15,10,0,-,-,-,,0.037,0.01,1.81,1.82,0,6,,ESE,1.7,,
16201400,2025/09/15,11,0,-,-,-,,0.042,0.01,1.80,1.81,0.002,10,,W,1.8,,
16201400,2025/09/15,12,0,-,-,-,,0.042,0.01,1.81,1.82,0.007,5,,NNW,2.7,,
16201400,2025/09/15,13,0.001,-,-,-,,0.045,0.01,1.82,1.83,0,8,,NNW,3.1,,
16201400,2025/09/15,14,0,-,-,-,,0.045,0.01,1.82,1.83,0.016,7,,NNW,3.2,,
16201400,2025/09/15,15,0,-,-,-,,0.040,0.01,1.81,1.82,0,4,,NW,4.2,,
16201400,2025/09/15,16,0,-,-,-,,0.036,0.01,1.79,1.80,0.016,5,,NW,2.9,,
16201400,2025/09/15,17,0,-,-,-,,0.034,0.01,1.80,1.81,0,9,,NW,2.7,,
16201400,2025/09/15,18,0,-,-,-,,0.035,0.01,1.79,1.80,0.032,6,,NW,1.9,,
16201400,2025/09/15,19,0,-,-,-,,0.034,0.01,1.80,1.81,0.019,8,,CALM,0,,
16201400,2025/09/15,20,0,-,-,-,,0.030,0.01,1.84,1.85,0.010,6,,CALM,0,,
16201400,2025/09/15,21,0,-,-,-,,0.029,0.01,1.86,1.87,0.001,6,,CALM,0,,
16201400,2025/09/15,22,0,-,-,-,,0.015,0.01,1.86,1.87,0.025,9,,WSW,0.4,,
16201400,2025/09/15,23,0,-,-,-,,0.021,0.01,1.92,1.93,0.032,10,,SW,1.0,,
16201400,2025/09/15,24,0,-,-,-,,0.015,0.01,2.09,2.10,0.023,4,,SSW,0.6,,
16201400,2025/09/16,01,0,-,-,-,,0.010,0.01,2.00,2.01,0.014,6,,SSW,0.5,,
16201400,2025/09/16,02,0,-,-,-,,0.009,0.01,2.11,2.12,0,5,,SSW,0.8,,
16201400,2025/09/16,03,0,-,-,-,,0.012,0.01,1.86,1.87,0,6,,SSW,0.8,,
16201400,2025/09/16,04,0,-,-,-,,0.008,0.01,1.87,1.88,0,7,,S,0.7,,
16201400,2025/09/16,05,0,-,-,-,,0.006,0.01,1.86,1.87,0.014,9,,SW,0.5,,
16201400,2025/09/16,06,0,-,-,-,,0.005,0.01,1.87,1.88,0.009,7,,CALM,0.1,,
16201400,2025/09/16,07,0,-,-,-,,0.008,0.01,1.85,1.86,0,7,,SSE,1.6,,
16201400,2025/09/16,08,0,-,-,-,,0.010,0.01,1.84,1.85,0.045,7,,WSW,0.3,,
16201400,2025/09/16,09,0,-,-,-,,0.013,0.01,1.90,1.91,0.014,11,,WNW,0.2,,
16201400,2025/09/16,10,0,-,-,-,,0.022,0.01,1.90,1.91,0.019,12,,ESE,0.4,,
16201400,2025/09/16,11,0,-,-,-,,0.038,0.01,1.54,1.55,0.009,13,,N,2.1,,
16201400,2025/09/16,12,0.001,0.002,0.005,0.007,,0.042,0.01,1.83,1.84,0.005,11,,N,3.0,,
16201400,2025/09/16,13,0,0,0.002,0.002,,0.048,0.01,1.81,1.82,0.012,8,,N,3.3,,
16201400,2025/09/16,14,0.001,0.001,0.002,0.003,,0.053,0.01,1.80,1.81,0,10,,N,2.5,,
16201400,2025/09/16,15,0.001,0.002,0.007,0.009,,0.051,0.01,1.80,1.81,0.032,14,,NE,2.7,,
16201400,2025/09/16,16,0.001,0.003,0.010,0.013,,0.049,0.01,1.81,1.82,0,15,,NNE,1.5,,
16201400,2025/09/16,17,0.001,0.001,0.008,0.009,,0.057,0.01,1.82,1.83,0.043,13,,NE,2.0,,
16201400,2025/09/16,18,0.001,0.001,0.010,0.011,,0.051,0.01,1.81,1.82,0.019,15,,ENE,1.0,,
16201400,2025/09/16,19,0.001,0,0.008,0.008,,0.049,0.01,1.81,1.82,0.004,12,,W,0.5,,
16201400,2025/09/16,20,0.001,0.002,0.022,0.024,,0.027,0.01,1.85,1.86,0.050,14,,WSW,0.6,,
16201400,2025/09/16,21,0,0,0.007,0.007,,0.031,0.01,1.97,1.98,0.060,11,,SSW,1.2,,
16201400,2025/09/16,22,0,0,0.006,0.006,,0.021,0,1.90,1.90,0.022,15,,SW,1.3,,
16201400,2025/09/16,23,0,0,0.005,0.005,,0.022,0.01,1.93,1.94,0.042,13,,WSW,1.9,,
16201400,2025/09/16,24,0,0,0.004,0.004,,0.032,0.01,1.99,2.00,0.077,9,,WSW,0.7,,
16201400,2025/09/17,01,0,0,0.006,0.006,,0.030,0.01,1.82,1.83,0.027,15,,W,1.7,,
16201400,2025/09/17,02,-,-,-,-,,-,0.01,1.86,1.87,0.020,13,,SE,1.2,,
16201400,2025/09/17,03,0,-,-,-,,0.027,0.01,1.87,1.88,0.048,11,,SSW,0.6,,
16201400,2025/09/17,04,0,-,-,-,,0.021,0.01,1.88,1.89,0.009,14,,SW,0.8,,
16201400,2025/09/17,05,0,-,-,-,,0.016,0.01,1.95,1.96,0.034,11,,WSW,1.6,,
16201400,2025/09/17,06,0,-,-,-,,0.011,0.01,2.10,2.11,0.003,12,,SW,1.0,,
16201400,2025/09/17,07,0,-,-,-,,0.011,0.01,2.08,2.09,0.005,14,,SSW,1.5,,
16201400,2025/09/17,08,0,-,-,-,,0.017,0.01,1.90,1.91,0,15,,SW,2.0,,
16201400,2025/09/17,09,0,-,-,-,,0.027,0.01,1.80,1.81,0,17,,WSW,3.6,,
16201400,2025/09/17,10,0,-,-,-,,0.032,0.01,1.80,1.81,0,15,,SW,3.6,,
16201400,2025/09/17,11,0,-,-,-,,0.032,0.01,1.74,1.75,0,11,,WSW,3.4,,
16201400,2025/09/17,12,0,-,-,-,,0.032,0.01,1.72,1.73,0.009,5,,WSW,4.3,,
16201400,2025/09/17,13,0,-,-,-,,0.035,0.01,1.72,1.73,0.028,12,,W,4.8,,
16201400,2025/09/17,14,0,-,-,-,,0.035,0.01,1.72,1.73,0.001,6,,W,4.0,,
16201400,2025/09/17,15,0,0.002,0.003,0.005,,0.035,0.01,1.72,1.73,0.027,9,,W,3.8,,
16201400,2025/09/17,16,0,0.002,0.003,0.005,,0.036,0.01,1.72,1.73,0.018,11,,W,4.2,,
16201400,2025/09/17,17,0,0.002,0.002,0.004,,0.033,0.01,1.72,1.73,0.041,10,,WSW,3.2,,
16201400,2025/09/17,18,0,0.001,0.002,0.003,,0.031,0.01,1.73,1.74,0,10,,WSW,1.3,,
16201400,2025/09/17,19,0,0.002,0.003,0.005,,0.029,0.01,1.74,1.75,0.052,8,,SW,1.4,,
16201400,2025/09/17,20,0,0.002,0.003,0.005,,0.030,0.01,1.75,1.76,0.006,6,,SW,1.6,,
16201400,2025/09/17,21,0,0.002,0.003,0.005,,0.026,0,1.74,1.74,0,8,,SW,2.0,,
16201400,2025/09/17,22,0,0.002,0.004,0.006,,0.015,0,1.79,1.79,0.027,12,,S,1.6,,
16201400,2025/09/17,23,0,0.003,0.003,0.006,,0.016,0.01,1.76,1.77,0.044,7,,WNW,1.1,,
16201400,2025/09/17,24,0,0.001,0.004,0.005,,0.020,0.01,1.81,1.82,0.016,10,,WSW,0.7,,
16201400,2025/09/18,01,0,0.002,0.004,0.006,,0.015,0.01,1.79,1.80,0.041,7,,S,1.7,,
16201400,2025/09/18,02,0,-,-,-,,0.010,0.01,1.80,1.81,0.001,12,,S,1.9,,
16201400,2025/09/18,03,0,0.001,0.004,0.005,,0.008,0.01,1.76,1.77,0.005,9,,SSW,1.7,,
16201400,2025/09/18,04,0.001,0.002,0.010,0.012,,0.004,0.01,1.75,1.76,0.013,8,,SSW,1.8,,
16201400,2025/09/18,05,0,0.001,0.006,0.007,,0.006,0.01,1.76,1.77,0.023,13,,SW,1.4,,
16201400,2025/09/18,06,0,0.001,0.005,0.006,,0.012,0.01,1.78,1.79,0.011,14,,WSW,1.6,,
16201400,2025/09/18,07,0,0.001,0.005,0.006,,0.022,0.01,1.75,1.76,0.072,7,,W,2.5,,
16201400,2025/09/18,08,0,0,0.005,0.005,,0.021,0.01,1.74,1.75,0.030,12,,WNW,2.4,,
16201400,2025/09/18,09,0,0.001,0.006,0.007,,0.027,0.01,1.73,1.74,0,10,,WSW,2.5,,
16201400,2025/09/18,10,0,0.001,0.008,0.009,,0.033,0.01,1.77,1.78,0.011,5,,NNW,2.8,,
16201400,2025/09/18,11,0,0,0.002,0.002,,0.043,0.01,1.79,1.80,0,5,,N,2.1,,
16201400,2025/09/18,12,0,0,0.005,0.005,,0.042,0,1.79,1.79,0.015,6,,ENE,1.2,,
16201400,2025/09/18,13,0,0.001,0.005,0.006,,0.042,0.01,1.79,1.80,0,4,,NNW,2.0,,
16201400,2025/09/18,14,0,0,0.002,0.002,,0.046,0.01,1.79,1.80,0,2,,N,2.5,,
16201400,2025/09/18,15,0,0,0.002,0.002,,0.047,0.01,1.79,1.80,0,4,,N,3.5,,
16201400,2025/09/18,16,0,0,0.005,0.005,,0.046,0.01,1.79,1.80,0,3,,NE,4.0,,
16201400,2025/09/18,17,0,0,0.008,0.008,,0.044,0.01,1.79,1.80,0.010,2,,NE,3.8,,
16201400,2025/09/18,18,0,0,0.002,0.002,,0.048,0.01,1.79,1.80,0,3,,NNE,3.1,,
16201400,2025/09/18,19,0,0,0.003,0.003,,0.046,0.01,1.80,1.81,0.008,7,,NE,3.1,,
16201400,2025/09/18,20,0,0,0.004,0.004,,0.040,0.01,1.81,1.82,0.009,5,,NE,3.0,,
16201400,2025/09/18,21,0,0,0.005,0.005,,0.038,0.01,1.81,1.82,0.001,7,,NE,3.8,,
16201400,2025/09/18,22,0.001,0,0.009,0.009,,0.034,0.01,1.81,1.82,0,6,,NNE,3.0,,
16201400,2025/09/18,23,0,0,0.004,0.004,,0.040,0.01,1.81,1.82,0,7,,NE,3.3,,
16201400,2025/09/18,24,0.001,0,0.007,0.007,,0.035,0.01,1.81,1.82,0,1,,NE,2.8,,
16201400,2025/09/19,01,0,0,0.004,0.004,,0.037,0.01,1.82,1.83,0.007,6,,ENE,2.8,,
16201400,2025/09/19,02,0,-,-,-,,0.036,0.01,1.83,1.84,0.002,6,,ESE,1.3,,
16201400,2025/09/19,03,0,0.001,0.004,0.005,,0.031,0.01,1.84,1.85,0.007,5,,SW,1.2,,
16201400,2025/09/19,04,0,0.001,0.004,0.005,,0.025,0.01,1.89,1.90,0.009,-1,,SW,0.5,,
16201400,2025/09/19,05,0,0,0.004,0.004,,0.026,0.01,1.92,1.93,0,2,,ENE,0.8,,
16201400,2025/09/19,06,0,0,0.003,0.003,,0.028,0.01,1.89,1.90,0,6,,ENE,3.1,,
16201400,2025/09/19,07,0,0,0.003,0.003,,0.034,0.01,1.83,1.84,0.003,5,,NNE,0.7,,
16201400,2025/09/19,08,0,0.001,0.004,0.005,,0.021,0.01,1.88,1.89,0.017,4,,E,2.2,,
16201400,2025/09/19,09,0,0.001,0.004,0.005,,0.022,0.01,1.88,1.89,0,4,,E,1.5,,
16201400,2025/09/19,10,0,0,0.002,0.002,,0.035,0.01,1.84,1.85,0,3,,E,3.1,,
16201400,2025/09/19,11,0,0,0.003,0.003,,0.041,0.01,1.84,1.85,0.001,7,,NE,2.2,,
16201400,2025/09/19,12,0,0.001,0.004,0.005,,0.041,0.01,1.83,1.84,0.002,3,,NNE,4.9,,
16201400,2025/09/19,13,0,0.001,0.002,0.003,,0.044,0.01,1.82,1.83,0.002,3,,NNE,5.1,,
16201400,2025/09/19,14,0,0.001,0.003,0.004,,0.045,0.01,1.82,1.83,0.006,1,,NNE,4.0,,
16201400,2025/09/19,15,0,0.001,0.002,0.003,,0.045,0.01,1.82,1.83,0.005,4,,NNE,4.4,,
16201400,2025/09/19,16,0,0.001,0.003,0.004,,0.044,0.01,1.82,1.83,0.006,9,,NE,3.7,,
16201400,2025/09/19,17,0,0.001,0.006,0.007,,0.043,0.01,1.82,1.83,0.009,3,,NE,3.1,,
16201400,2025/09/19,18,0,0.001,0.007,0.008,,0.040,0.01,1.82,1.83,0.010,4,,NE,1.9,,
16201400,2025/09/19,19,0,0.001,0.006,0.007,,0.041,0.01,1.83,1.84,0.009,6,,ENE,1.5,,
16201400,2025/09/19,20,0,0.001,0.004,0.005,,0.036,0.01,1.85,1.86,0.014,7,,SSE,1.8,,
16201400,2025/09/19,21,0,0.001,0.005,0.006,,0.027,0,1.85,1.85,0.030,6,,S,1.1,,
16201400,2025/09/19,22,0,0.001,0.003,0.004,,0.025,0.01,1.85,1.86,0.005,6,,SSE,1.3,,
16201400,2025/09/19,23,0,0.001,0.004,0.005,,0.019,0.01,1.85,1.86,0.018,6,,SW,1.2,,
16201400,2025/09/19,24,0,0.001,0.006,0.007,,0.014,0.01,1.86,1.87,0.013,14,,WSW,0.5,,
16201400,2025/09/20,01,0,0,0.006,0.006,,0.015,0.01,1.85,1.86,0.005,5,,WSW,0.6,,
16201400,2025/09/20,02,0,-,-,-,,0.012,-,-,-,0.009,7,,CALM,0,,
16201400,2025/09/20,03,0,0,0.002,0.002,,0.012,0.01,1.89,1.90,0.010,7,,SSW,0.6,,
16201400,2025/09/20,04,0,0,0.002,0.002,,0.011,0.01,1.90,1.91,0.008,8,,ENE,1.4,,
16201400,2025/09/20,05,0,0,0.003,0.003,,0.011,0.01,1.92,1.93,0.010,10,,NW,0.2,,
16201400,2025/09/20,06,0,0,0.004,0.004,,0.009,0.01,1.92,1.93,0.007,8,,ESE,1.8,,
16201400,2025/09/20,07,0,0,0.002,0.002,,0.013,0.01,1.95,1.96,0.008,8,,SW,0.5,,
16201400,2025/09/20,08,0,0,0.003,0.003,,0.015,0.01,1.93,1.94,0.020,9,,WNW,0.2,,
16201400,2025/09/20,09,0,0.001,0.004,0.005,,0.015,0.01,1.94,1.95,0.018,9,,WSW,0.8,,
16201400,2025/09/20,10,0,0,0,0,,0.033,0.01,1.86,1.87,0,7,,S,5.4,,
16201400,2025/09/20,11,0,0,0,0,,0.040,0.01,1.79,1.80,0.005,7,,S,6.4,,
16201400,2025/09/20,12,0,0,0,0,,0.041,0.01,1.79,1.80,0.005,2,,S,7.7,,
16201400,2025/09/20,13,0,0,0,0,,0.041,0.01,1.79,1.80,0.005,4,,S,5.9,,
16201400,2025/09/20,14,0,0,0,0,,0.039,0.01,1.77,1.78,0.005,1,,S,7.3,,
16201400,2025/09/20,15,0,0,0,0,,0.037,0.01,1.76,1.77,0.004,3,,S,5.7,,
16201400,2025/09/20,16,0,0,0,0,,0.036,0.01,1.76,1.77,0.009,-2,,S,7.2,,
16201400,2025/09/20,17,0,0,0,0,,0.035,0.01,1.76,1.77,0.013,5,,S,5.7,,
16201400,2025/09/20,18,0,0,0,0,,0.036,0.01,1.76,1.77,0.018,2,,S,5.2,,
16201400,2025/09/20,19,0,0,0,0,,0.036,0.01,1.76,1.77,0.012,-1,,WNW,3.9,,
16201400,2025/09/20,20,0,0,0,0,,0.035,0.01,1.77,1.78,0.030,4,,WNW,1.4,,
16201400,2025/09/20,21,0,0,0.001,0.001,,0.034,0.01,1.77,1.78,0.019,6,,SSW,2.3,,
16201400,2025/09/20,22,0,0,0.001,0.001,,0.032,0.01,1.78,1.79,0.005,7,,SSW,2.6,,
16201400,2025/09/20,23,0,0,0,0,,0.035,0.01,1.75,1.76,0.011,2,,WSW,3.6,,
16201400,2025/09/20,24,0,0,0,0,,0.031,0.01,1.75,1.76,0.013,2,,W,1.5,,
16201400,2025/09/21,01,0,0,0,0,,0.031,0.01,1.78,1.79,0,8,,WSW,1.8,,
16201400,2025/09/21,02,0,-,-,-,,0.045,0.01,1.79,1.80,0,6,,NW,2.4,,
16201400,2025/09/21,03,0,0,0,0,,0.046,0.01,1.79,1.80,0,5,,NNW,1.7,,
16201400,2025/09/21,04,0,0,0.003,0.003,,0.041,0.01,1.80,1.81,0.010,2,,SW,0.9,,
16201400,2025/09/21,05,0,0,0.003,0.003,,0.030,0.01,1.88,1.89,0.002,6,,SW,1.0,,
16201400,2025/09/21,06,0,0,0.002,0.002,,0.027,0.01,1.88,1.89,0.007,3,,WNW,1.0,,
16201400,2025/09/21,07,0,0,0.002,0.002,,0.024,0.01,1.87,1.88,0.005,7,,WSW,1.9,,
16201400,2025/09/21,08,0,0,0.002,0.002,,0.029,0.01,1.89,1.90,0,6,,W,1.6,,
16201400,2025/09/21,09,0,0,0.002,0.002,,0.042,0.01,1.83,1.84,0,6,,NNW,2.6,,
16201400,2025/09/21,10,0,0,0,0,,0.045,0.01,1.80,1.81,0,4,,NNW,2.4,,
16201400,2025/09/21,11,0,0,0,0,,0.046,0.01,1.80,1.81,0.001,2,,NNW,2.1,,
16201400,2025/09/21,12,0,0,0,0,,0.046,0.01,1.80,1.81,0.001,3,,NNW,2.2,,
16201400,2025/09/21,13,0,0,0,0,,0.046,0.01,1.80,1.81,0.010,5,,N,5.2,,
16201400,2025/09/21,14,0,0,0,0,,0.046,0.01,1.80,1.81,0.002,8,,N,3.8,,
16201400,2025/09/21,15,0,0,0,0,,0.044,0.01,1.80,1.81,0.001,6,,N,4.2,,
16201400,2025/09/21,16,0,0,0,0,,0.043,0.01,1.80,1.81,0.003,10,,N,4.6,,
16201400,2025/09/21,17,0,0,0.001,0.001,,0.043,0.01,1.81,1.82,0.006,4,,NNE,3.8,,
16201400,2025/09/21,18,0,0,0.001,0.001,,0.043,0.01,1.81,1.82,0.001,6,,NNE,3.2,,
16201400,2025/09/21,19,0,0,0.004,0.004,,0.036,0.01,1.82,1.83,0.016,4,,E,1.5,,
16201400,2025/09/21,20,0,0,0.002,0.002,,0.034,0.01,1.84,1.85,0.008,6,,E,1.6,,
16201400,2025/09/21,21,0,0,0.003,0.003,,0.031,0.01,1.84,1.85,0.008,6,,CALM,0,,
16201400,2025/09/21,22,0,0,0.003,0.003,,0.030,0.01,1.86,1.87,0.008,7,,CALM,0,,
16201400,2025/09/21,23,0,0.001,0.006,0.007,,0.016,0.01,1.93,1.94,0.014,6,,CALM,0,,
16201400,2025/09/21,24,0,0,0.006,0.006,,0.011,0.01,1.94,1.95,0.007,4,,SSW,1.5,,
16201400,2025/09/22,01,0,0,0.004,0.004,,0.014,0.01,1.88,1.89,0.005,1,,SSW,1.7,,
16201400,2025/09/22,02,0,-,-,-,,0.017,0.01,1.85,1.86,0.007,2,,S,1.3,,
16201400,2025/09/22,03,0,0,0.002,0.002,,0.018,0.01,1.86,1.87,0.005,2,,S,1.5,,
16201400,2025/09/22,04,0,0,0.002,0.002,,0.019,0.01,1.84,1.85,0.005,4,,SSE,1.0,,
16201400,2025/09/22,05,0,0,0.003,0.003,,0.018,0.01,1.84,1.85,0.004,5,,SSE,0.8,,
16201400,2025/09/22,06,0,0,0.006,0.006,,0.015,0.01,1.86,1.87,0.005,4,,S,0.9,,
16201400,2025/09/22,07,0,0.001,0.005,0.006,,0.015,0.01,1.85,1.86,0.007,1,,SSE,1.6,,
16201400,2025/09/22,08,0,0.001,0.002,0.003,,0.020,0.01,1.84,1.85,0.005,6,,S,1.7,,
16201400,2025/09/22,09,0,0.002,0.004,0.006,,0.023,0.01,1.84,1.85,0.007,7,,WSW,1.5,,
16201400,2025/09/22,10,0,0.001,0.003,0.004,,0.033,0.01,1.84,1.85,0.004,6,,NNW,1.8,,
16201400,2025/09/22,11,0,0.001,0.003,0.004,,0.037,0.01,1.85,1.86,0.009,6,,NNW,2.9,,
16201400,2025/09/22,12,0,0.001,0.002,0.003,,0.041,0.01,1.88,1.89,0.005,8,,NNE,2.3,,
16201400,2025/09/22,13,0,0,0.002,0.002,,0.042,0.01,1.83,1.84,0.004,2,,N,3.1,,
16201400,2025/09/22,14,0,0,0.002,0.002,,0.044,0.01,1.83,1.84,0.001,3,,NE,2.8,,
16201400,2025/09/22,15,0,0.001,0.003,0.004,,0.044,0.01,1.83,1.84,0.007,-1,,NE,3.1,,
16201400,2025/09/22,16,0,0.001,0.002,0.003,,0.044,0.01,1.83,1.84,0.009,4,,NNE,3.0,,
16201400,2025/09/22,17,0,0.001,0.005,0.006,,0.039,0.01,1.83,1.84,0.009,5,,NNE,1.9,,
16201400,2025/09/22,18,0,0,0.005,0.005,,0.038,0.01,1.84,1.85,0.008,3,,NNE,1.7,,
16201400,2025/09/22,19,0,0,0.004,0.004,,0.031,0.01,1.86,1.87,0.008,6,,S,1.5,,
16201400,2025/09/22,20,0,0.001,0.004,0.005,,0.027,0.01,1.86,1.87,0.006,5,,SSE,1.8,,
16201400,2025/09/22,21,0,0,0.003,0.003,,0.025,0.01,1.86,1.87,0.006,6,,S,1.5,,
16201400,2025/09/22,22,0,0,0.004,0.004,,0.022,0.01,1.88,1.89,0.005,4,,SSW,1.7,,
16201400,2025/09/22,23,0,0.001,0.002,0.003,,0.023,0.01,1.85,1.86,0.005,3,,SW,0.6,,
16201400,2025/09/22,24,0.001,0,0.004,0.004,,0.019,0.01,1.87,1.88,0.005,2,,SSW,0.8,,
16201400,2025/09/23,01,0,0,0.005,0.005,,0.016,0.01,1.88,1.89,0.007,8,,W,0.4,,
16201400,2025/09/23,02,0,-,-,-,,0.014,0.01,3.48,3.49,0.008,5,,SSW,0.9,,
16201400,2025/09/23,03,0,0,0.004,0.004,,0.013,0.01,1.94,1.95,0.010,6,,WSW,1.6,,
16201400,2025/09/23,04,0,0,0.005,0.005,,0.009,0.01,2.13,2.14,0.010,11,,SE,0.6,,
16201400,2025/09/23,05,0,0,0.007,0.007,,0.009,0.01,2.13,2.14,0.010,8,,SE,0.3,,
16201400,2025/09/23,06,0,0,0.007,0.007,,0.012,0.01,2.01,2.02,0.010,8,,SSE,0.2,,
16201400,2025/09/23,07,0,0.001,0.007,0.008,,0.011,0.01,2.04,2.05,0.012,12,,SSW,0.5,,
16201400,2025/09/23,08,0,0.002,0.007,0.009,,0.015,0.01,2.04,2.05,0.010,7,,SE,1.1,,
16201400,2025/09/23,09,0,0.001,0.005,0.006,,0.026,0.01,1.89,1.90,0.010,10,,SSW,2.9,,
16201400,2025/09/23,10,0,0.001,0.005,0.006,,0.025,0.01,1.90,1.91,0.014,10,,WSW,1.2,,
16201400,2025/09/23,11,0,0.001,0.005,0.006,,0.029,0.01,1.99,2.00,0.014,14,,W,0.8,,
16201400,2025/09/23,12,0,0.001,0.004,0.005,,0.037,0.01,1.93,1.94,0.015,14,,N,1.9,,
16201400,2025/09/23,13,0.001,0.001,0.005,0.006,,0.042,0.01,1.91,1.92,0.011,11,,N,1.4,,
16201400,2025/09/23,14,0.001,0.001,0.005,0.006,,0.048,0.01,1.88,1.89,0.018,9,,NW,1.3,,
16201400,2025/09/23,15,0.001,0.001,0.007,0.008,,0.050,0.01,1.86,1.87,0.011,10,,NE,2.2,,
16201400,2025/09/23,16,0.001,0.001,0.004,0.005,,0.053,0.01,1.83,1.84,0.012,11,,N,2.3,,
16201400,2025/09/23,17,0.001,0.001,0.009,0.010,,0.048,0.01,1.84,1.85,0.012,9,,NE,1.5,,
16201400,2025/09/23,18,0.001,0.002,0.011,0.013,,0.046,0.01,1.84,1.85,0.021,13,,ENE,0.7,,
16201400,2025/09/23,19,0.001,0,0.004,0.004,,0.052,0.01,1.86,1.87,0.020,12,,ENE,0.9,,
16201400,2025/09/23,20,0.001,0,0.006,0.006,,0.033,0.01,1.91,1.92,0.017,11,,SE,1.2,,
16201400,2025/09/23,21,0,0,0.005,0.005,,0.020,0.01,1.96,1.97,0.015,15,,SSW,1.2,,
16201400,2025/09/23,22,0,0.001,0.004,0.005,,0.024,0.01,1.91,1.92,0.012,9,,S,1.2,,
16201400,2025/09/23,23,0,0,0.004,0.004,,0.021,0.01,1.92,1.93,0.015,10,,SSW,0.5,,
16201400,2025/09/23,24,0,0,0.006,0.006,,0.016,0.01,1.98,1.99,0.011,11,,SSW,0.7,,
16201400,2025/09/24,01,0,0,0.006,0.006,,0.016,0.01,1.93,1.94,0.008,11,,SE,0.9,,
16201400,2025/09/24,02,-,-,-,-,,-,0.01,1.95,1.96,0.010,12,,CALM,0,,
16201400,2025/09/24,03,0,0,0.005,0.005,,0.016,0.01,1.94,1.95,0.011,10,,ESE,1.6,,
16201400,2025/09/24,04,0,0,0.004,0.004,,0.025,0.01,1.97,1.98,0.012,13,,S,3.9,,
16201400,2025/09/24,05,0,0,0.002,0.002,,0.040,0.01,1.84,1.85,0.012,14,,S,3.6,,
16201400,2025/09/24,06,0,0,0.002,0.002,,0.038,0.01,1.84,1.85,0.013,10,,S,3.2,,
16201400,2025/09/24,07,0,0,0.003,0.003,,0.037,0.01,1.84,1.85,0.011,12,,SSE,2.3,,
16201400,2025/09/24,08,0,0.001,0.005,0.006,,0.029,0.01,1.87,1.88,0.014,15,,SSE,2.9,,
16201400,2025/09/24,09,0,0,0.003,0.003,,0.046,0.01,1.85,1.86,0.014,11,,S,5.0,,
16201400,2025/09/24,10,0,0,0.002,0.002,,0.048,0.01,1.83,1.84,0.013,12,,S,4.5,,
16201400,2025/09/24,11,0,-,-,-,,0.051,0.01,1.83,1.84,-,9,,WSW,1.7,,
16201400,2025/09/24,12,0.001,0.001,0.005,0.006,,0.062,0.01,1.86,1.87,0.026,18,,N,2.9,,
16201400,2025/09/24,13,0.001,0,0.004,0.004,,0.070,0.01,1.89,1.90,0.019,15,,NNE,3.5,,
16201400,2025/09/24,14,0.001,0,0.003,0.003,,0.058,0.01,1.84,1.85,0.012,11,,NNE,3.5,,
16201400,2025/09/24,15,0.001,0.001,0.007,0.008,,0.055,0.01,1.82,1.83,0.012,10,,NE,2.2,,
16201400,2025/09/24,16,0.001,0,0.005,0.005,,0.055,0.01,1.82,1.83,0.032,15,,NNE,2.0,,
16201400,2025/09/24,17,0.001,0,0.002,0.002,,0.056,0.01,1.82,1.83,0.014,11,,ENE,1.8,,
16201400,2025/09/24,18,0,0,0.004,0.004,,0.048,0.01,1.84,1.85,0.010,11,,S,3.9,,
16201400,2025/09/24,19,0,0,0.003,0.003,,0.044,0.01,1.83,1.84,0.011,14,,S,3.7,,
16201400,2025/09/24,20,0,0,0.002,0.002,,0.046,0.01,1.82,1.83,0.015,9,,S,4.0,,
16201400,2025/09/24,21,0,0,0.002,0.002,,0.049,0.01,1.83,1.84,0.014,12,,S,4.5,,
16201400,2025/09/24,22,0,0,0.002,0.002,,0.053,0.01,1.84,1.85,0.015,16,,S,4.6,,
16201400,2025/09/24,23,0,0,0.003,0.003,,0.054,0.01,1.84,1.85,0.016,11,,S,3.9,,
16201400,2025/09/24,24,0,0,0.003,0.003,,0.056,0.01,1.84,1.85,0.021,9,,SSW,4.6,,
16201400,2025/09/25,01,0,0,0.003,0.003,,0.053,0.01,1.84,1.85,0.017,15,,S,4.8,,
16201400,2025/09/25,02,0,-,-,-,,0.050,0.01,1.84,1.85,0.015,11,,S,5.4,,
16201400,2025/09/25,03,0,0,0.002,0.002,,0.047,0.01,1.83,1.84,0.012,8,,S,5.8,,
16201400,2025/09/25,04,0,0,0.002,0.002,,0.044,0.01,1.82,1.83,0.018,10,,S,3.6,,
16201400,2025/09/25,05,0,0,0.002,0.002,,0.043,0.01,1.82,1.83,0.007,3,,S,4.0,,
16201400,2025/09/25,06,0,0,0.001,0.001,,0.042,0.01,1.82,1.83,0.007,7,,S,4.4,,
16201400,2025/09/25,07,0,0,0.001,0.001,,0.042,0.01,1.82,1.83,0.009,4,,S,4.8,,
16201400,2025/09/25,08,0,0,0.002,0.002,,0.041,0.01,1.82,1.83,0.008,5,,S,5.3,,
16201400,2025/09/25,09,0,0,0.002,0.002,,0.041,0.01,1.82,1.83,0.007,3,,S,5.2,,
16201400,2025/09/25,10,0,0,0.003,0.003,,0.040,0.01,1.81,1.82,0.014,7,,SSW,4.6,,
16201400,2025/09/25,11,0,0,0.003,0.003,,0.035,0.01,1.82,1.83,0.035,7,,S,4.8,,
16201400,2025/09/25,12,0,0,0.002,0.002,,0.034,0.01,1.81,1.82,0.001,6,,S,4.3,,
16201400,2025/09/25,13,0,0,0.002,0.002,,0.033,0.01,1.81,1.82,0.002,3,,S,4.8,,
16201400,2025/09/25,14,0,0,0.001,0.001,,0.032,0.01,1.81,1.82,0.003,4,,S,4.0,,
16201400,2025/09/25,15,0,0,0.002,0.002,,0.031,0.01,1.81,1.82,0.004,4,,S,4.0,,
16201400,2025/09/25,16,0,0,0.002,0.002,,0.031,0.01,1.80,1.81,0.004,4,,SSW,3.9,,
16201400,2025/09/25,17,0,0,0.002,0.002,,0.030,0.01,1.80,1.81,0.004,6,,SSW,2.4,,
16201400,2025/09/25,18,0,0,0.004,0.004,,0.023,0.01,1.82,1.83,0.043,5,,SSE,2.0,,
16201400,2025/09/25,19,0,0,0.003,0.003,,0.023,0.01,1.80,1.81,0.002,3,,SSE,1.1,,
16201400,2025/09/25,20,0,0,0.005,0.005,,0.020,0.01,1.80,1.81,0,4,,SSE,1.3,,
16201400,2025/09/25,21,0,0,0.004,0.004,,0.017,0.01,1.81,1.82,0.002,5,,SSW,1.1,,
16201400,2025/09/25,22,0,0,0.003,0.003,,0.019,0.01,1.81,1.82,0,3,,SSW,2.2,,
16201400,2025/09/25,23,0,0,0.003,0.003,,0.017,0.01,1.81,1.82,0.008,5,,SSW,1.0,,
16201400,2025/09/25,24,0,0,0.003,0.003,,0.013,0.01,1.82,1.83,0.007,3,,S,1.4,,
16201400,2025/09/26,01,0,0,0.002,0.002,,0.013,0.01,1.82,1.83,0.005,3,,SSW,1.6,,
16201400,2025/09/26,02,0,-,-,-,,0.010,0.01,1.82,1.83,0.011,7,,W,1.1,,
16201400,2025/09/26,03,0,0,0,0,,0.009,0.01,1.82,1.83,0.016,9,,SSW,1.3,,
16201400,2025/09/26,04,0,0,0,0,,0.011,0.01,1.81,1.82,0,5,,SSW,0.5,,
16201400,2025/09/26,05,0,0.002,0,0.002,,0.008,0.01,1.79,1.80,0.017,3,,SW,1.7,,
16201400,2025/09/26,06,0,0,0,0,,0.013,0.01,1.80,1.81,0.015,5,,SSE,0.5,,
16201400,2025/09/26,07,0,0.001,0,0.001,,0.013,0,1.78,1.78,0.010,2,,SSW,1.7,,
16201400,2025/09/26,08,0,0.001,0,0.001,,0.011,0.01,1.79,1.80,0.015,3,,S,2.7,,
16201400,2025/09/26,09,0,0,0,0,,0.023,0.01,1.79,1.80,0.004,5,,SSW,1.3,,
16201400,2025/09/26,10,0,0.001,0,0.001,,0.031,0.01,1.77,1.78,0,2,,WSW,1.7,,
16201400,2025/09/26,11,0,0.001,0,0.001,,0.035,0.01,1.77,1.78,0.019,7,,NW,3.2,,
16201400,2025/09/26,12,0.001,0.002,0,0.002,,0.044,0.01,1.83,1.84,0.003,8,,NNW,3.8,,
16201400,2025/09/26,13,0.001,0.002,0,0.002,,0.048,0.01,1.79,1.80,0.002,7,,NNE,3.5,,
16201400,2025/09/26,14,0,0.001,0,0.001,,0.048,0.01,1.77,1.78,0.010,2,,NE,3.5,,
16201400,2025/09/26,15,0,0.002,0,0.002,,0.042,0.01,1.76,1.77,0,10,,N,3.3,,
16201400,2025/09/26,16,0,0.001,0,0.001,,0.048,0.01,1.77,1.78,0.023,7,,NNE,3.2,,
16201400,2025/09/26,17,0.001,0,0,0,,0.046,0.01,1.79,1.80,0.018,2,,WNW,2.8,,
16201400,2025/09/26,18,0,0,0,0,,0.048,0.01,1.79,1.80,0.009,6,,NNE,2.7,,
16201400,2025/09/26,19,0,0,0,0,,0.043,0.01,1.81,1.82,0.009,9,,NNE,2.3,,
16201400,2025/09/26,20,0.001,0,0,0,,0.042,0.01,1.82,1.83,0.002,8,,NW,2.2,,
16201400,2025/09/26,21,0,0,0,0,,0.042,0.01,1.81,1.82,0.007,4,,WNW,2.2,,
16201400,2025/09/26,22,0.001,0,0.001,0.001,,0.039,0.01,1.83,1.84,0.011,6,,SW,1.0,,
16201400,2025/09/26,23,0,0.001,0,0.001,,0.033,0.01,1.90,1.91,0.012,10,,WSW,1.1,,
16201400,2025/09/26,24,0,0,0,0,,0.032,0.01,1.90,1.91,0.013,8,,SW,1.1,,
16201400,2025/09/27,01,0,0,0,0,,0.033,0.01,1.90,1.91,0.006,5,,SW,1.4,,
16201400,2025/09/27,02,0,-,-,-,,0.032,-,-,-,0.014,8,,WSW,1.3,,
16201400,2025/09/27,03,0,0,0.002,0.002,,0.022,0.01,1.94,1.95,0.012,5,,SSW,1.2,,
16201400,2025/09/27,04,0,0,0.003,0.003,,0.021,0.01,1.94,1.95,0.011,8,,WSW,0.7,,
16201400,2025/09/27,05,0,0,0.002,0.002,,0.017,0.01,1.91,1.92,0.010,9,,S,0.4,,
16201400,2025/09/27,06,0,0,0.003,0.003,,0.013,0.01,1.94,1.95,0.010,3,,S,1.2,,
16201400,2025/09/27,07,0,0,0.002,0.002,,0.018,0.01,1.90,1.91,0.005,6,,SSW,1.8,,
16201400,2025/09/27,08,0,0,0.001,0.001,,0.026,0.01,1.84,1.85,0.007,6,,SSW,1.1,,
16201400,2025/09/27,09,0,0.001,0.001,0.002,,0.033,0.01,1.85,1.86,0.014,7,,SSW,1.0,,
16201400,2025/09/27,10,0.001,0.001,0.003,0.004,,0.043,0.01,1.93,1.94,0.010,12,,NNW,2.7,,
16201400,2025/09/27,11,0,0,0,0,,0.052,0.01,1.86,1.87,0.009,8,,N,3.3,,
16201400,2025/09/27,12,0,0,0,0,,0.053,0.01,1.85,1.86,0.005,7,,NNE,3.8,,
16201400,2025/09/27,13,0,0,0,0,,0.052,0.01,1.83,1.84,0.004,5,,N,4.1,,
16201400,2025/09/27,14,0,0,0,0,,0.052,0.01,1.83,1.84,0.005,2,,N,4.1,,
16201400,2025/09/27,15,0,0,0,0,,0.051,0.01,1.83,1.84,0.003,5,,NNE,3.8,,
16201400,2025/09/27,16,0,0,0.002,0.002,,0.050,0.01,1.83,1.84,0.006,4,,NE,3.4,,
16201400,2025/09/27,17,0,0.001,0.003,0.004,,0.047,0.01,1.83,1.84,0.005,4,,NE,3.0,,
16201400,2025/09/27,18,0,0,0.005,0.005,,0.045,0.01,1.83,1.84,0.006,9,,NE,2.0,,
16201400,2025/09/27,19,0,0,0.003,0.003,,0.047,0.01,1.83,1.84,0.005,3,,ENE,1.4,,
16201400,2025/09/27,20,0,0,0,0,,0.047,0.01,1.84,1.85,0.007,-1,,ENE,1.3,,
16201400,2025/09/27,21,0,0,0.001,0.001,,0.040,0.01,1.86,1.87,0.008,3,,SW,1.0,,
16201400,2025/09/27,22,0,0,0.005,0.005,,0.018,0.01,1.92,1.93,0.011,6,,SW,0.9,,
16201400,2025/09/27,23,0,0.001,0.001,0.002,,0.024,0.01,1.89,1.90,0.003,2,,S,1.3,,
16201400,2025/09/27,24,0,0,0.001,0.001,,0.025,0.01,1.87,1.88,0.007,5,,SSE,1.0,,
16201400,2025/09/28,01,0,0,0,0,,0.023,0.01,1.87,1.88,0.005,3,,SSE,1.0,,
16201400,2025/09/28,02,0,-,-,-,,0.018,0.01,1.87,1.88,0.007,5,,SE,0.9,,
16201400,2025/09/28,03,0,0,0.002,0.002,,0.013,0.01,1.90,1.91,0.006,7,,SW,0.3,,
16201400,2025/09/28,04,0,0,0.001,0.001,,0.012,0.01,1.92,1.93,0.008,11,,SE,1.4,,
16201400,2025/09/28,05,0,0,0.002,0.002,,0.012,0.01,1.91,1.92,0.009,7,,SW,0.7,,
16201400,2025/09/28,06,0,0,0.005,0.005,,0.010,0.01,1.93,1.94,0.008,5,,S,0.8,,
16201400,2025/09/28,07,0,0.002,0.006,0.008,,0.010,0.01,1.93,1.94,0.013,7,,W,0.5,,
16201400,2025/09/28,08,0,0.001,0.002,0.003,,0.020,0.01,1.96,1.97,0.010,6,,WNW,0.6,,
16201400,2025/09/28,09,0,0.002,0.003,0.005,,0.024,0.01,1.93,1.94,0.009,8,,ENE,1.2,,
16201400,2025/09/28,10,0,0.002,0.003,0.005,,0.032,0.01,1.87,1.88,0.010,8,,ENE,1.7,,
16201400,2025/09/28,11,0,0.001,0.001,0.002,,0.039,0.01,1.84,1.85,0.009,6,,NNW,2.2,,
16201400,2025/09/28,12,0.001,0,0,0,,0.047,0.01,1.85,1.86,0.011,7,,NNE,2.3,,
16201400,2025/09/28,13,0.001,0,0,0,,0.051,0.01,1.83,1.84,0.012,9,,NNE,2.3,,
16201400,2025/09/28,14,0.001,0.002,0.004,0.006,,0.048,0.01,1.81,1.82,0.012,8,,ENE,1.8,,
16201400,2025/09/28,15,0.001,0.001,0.002,0.003,,0.054,0.01,1.80,1.81,0.015,12,,N,2.0,,
16201400,2025/09/28,16,0.001,0,0,0,,0.056,0.01,1.80,1.81,0.012,8,,NNE,1.9,,
16201400,2025/09/28,17,0,0,0,0,,0.055,0.01,1.80,1.81,0.014,8,,N,1.8,,
16201400,2025/09/28,18,0.001,0,0.002,0.002,,0.050,0.01,1.81,1.82,0.018,10,,ENE,0.7,,
16201400,2025/09/28,19,0,0,0,0,,0.049,0.01,1.84,1.85,0.019,8,,SSE,1.0,,
16201400,2025/09/28,20,0,0,0.003,0.003,,0.040,0.01,1.88,1.89,0.013,12,,SW,1.6,,
16201400,2025/09/28,21,0,0,0.002,0.002,,0.038,0.01,1.93,1.94,0.032,9,,SE,0.8,,
16201400,2025/09/28,22,0,0,0,0,,0.040,0.01,1.85,1.86,0,10,,S,5.6,,
16201400,2025/09/28,23,0,0,0,0,,0.040,0.01,1.78,1.79,0.001,10,,SSW,6.2,,
16201400,2025/09/28,24,0,0,0,0,,0.041,0.01,1.76,1.77,0.003,6,,S,5.4,,
16201400,2025/09/29,01,0,0,0,0,,0.039,0.01,1.76,1.77,0.024,6,,SSW,3.3,,
16201400,2025/09/29,02,0,-,-,-,,0.039,0.01,1.75,1.76,0.003,4,,S,5.1,,
16201400,2025/09/29,03,0,0,0,0,,0.037,0.01,1.75,1.76,0.016,6,,SSW,5.4,,
16201400,2025/09/29,04,0,0,0.001,0.001,,0.030,0.01,1.79,1.80,0.030,8,,SW,4.7,,
16201400,2025/09/29,05,0,0,0.001,0.001,,0.032,0,1.77,1.77,0.007,8,,SSW,2.2,,
16201400,2025/09/29,06,0,0,0.001,0.001,,0.035,0.01,1.77,1.78,0,7,,SSE,1.8,,
16201400,2025/09/29,07,0,0,0.001,0.001,,0.038,0.01,1.79,1.80,0.006,7,,SSW,3.0,,
16201400,2025/09/29,08,0,0,0.002,0.002,,0.043,0.01,1.81,1.82,0.005,7,,SSW,2.4,,
16201400,2025/09/29,09,0,0,0.003,0.003,,0.044,0.01,1.82,1.83,0,4,,SW,3.2,,
16201400,2025/09/29,10,0,0,0.002,0.002,,0.047,0.01,1.82,1.83,0,7,,SW,3.1,,
16201400,2025/09/29,11,0,0,0.001,0.001,,0.047,-,-,-,0.001,7,,SW,2.4,,
16201400,2025/09/29,12,0,0,0.001,0.001,,0.050,0.17,2.00,2.17,0.032,9,,SW,2.8,,
16201400,2025/09/29,13,0,0,0,0,,0.050,0.18,1.99,2.17,0,4,,W,3.9,,
16201400,2025/09/29,14,0.001,0,0.003,0.003,,0.048,0.17,1.98,2.15,0,8,,WNW,4.1,,
16201400,2025/09/29,15,0.001,0,0.004,0.004,,0.047,0.16,1.99,2.15,0,6,,WNW,3.4,,
16201400,2025/09/29,16,0,0,0.002,0.002,,0.050,0.14,1.98,2.12,0.001,1,,WNW,2.8,,
16201400,2025/09/29,17,0,0,0.002,0.002,,0.048,0.15,1.98,2.13,0.008,6,,W,2.8,,
16201400,2025/09/29,18,0,0,0.002,0.002,,0.047,0.15,1.98,2.13,0.005,4,,WSW,1.2,,
16201400,2025/09/29,19,0,0,0.003,0.003,,0.041,0.16,2.01,2.17,0.005,2,,WSW,0.7,,
16201400,2025/09/29,20,0,0,0.004,0.004,,0.035,0.18,2.05,2.23,0.005,7,,CALM,0,,
16201400,2025/09/29,21,0,0,0.004,0.004,,0.031,0.18,2.06,2.24,0.007,4,,SSW,0.6,,
16201400,2025/09/29,22,0,0,0.007,0.007,,0.024,0.21,2.03,2.24,0.011,6,,SW,0.7,,
16201400,2025/09/29,23,0,0,0.006,0.006,,0.017,0.22,2.06,2.28,0.012,3,,S,1.0,,
16201400,2025/09/29,24,0,0,0.003,0.003,,0.016,0.21,2.05,2.26,0.005,2,,S,1.1,,
16201400,2025/09/30,01,0,0,0.004,0.004,,0.015,0.19,2.08,2.27,0.004,7,,SW,1.2,,
16201400,2025/09/30,02,0,-,-,-,,0.015,-,-,-,0.006,5,,SSE,1.0,,
16201400,2025/09/30,03,0,0,0.004,0.004,,0.014,0.19,2.08,2.27,0.003,7,,SSE,1.0,,
16201400,2025/09/30,04,0,0,0.002,0.002,,0.023,0.18,2.03,2.21,0,9,,S,1.5,,
16201400,2025/09/30,05,0,0,0.002,0.002,,0.023,0.15,2.02,2.17,0.001,6,,WSW,1.5,,
16201400,2025/09/30,06,0,0,0.004,0.004,,0.020,0.14,2.04,2.18,0.002,8,,SW,1.3,,
16201400,2025/09/30,07,0,0.001,0.005,0.006,,0.018,0.15,2.03,2.18,0.006,6,,S,1.0,,
16201400,2025/09/30,08,0,0.001,0.004,0.005,,0.022,0.14,2.03,2.17,0.005,3,,NW,0.5,,
16201400,2025/09/30,09,0,0.002,0.005,0.007,,0.027,0.16,2.03,2.19,0.007,5,,SW,1.4,,
16201400,2025/09/30,10,0,0.002,0.004,0.006,,0.040,0.18,2.03,2.21,0.004,6,,WNW,1.8,,
16201400,2025/09/30,11,0.001,0.002,0.005,0.007,,0.048,0.15,2.01,2.16,0.005,9,,NNW,2.7,,
16201400,2025/09/30,12,0.001,0.001,0.003,0.004,,0.057,0.15,2.03,2.18,0.005,7,,NNE,2.2,,
16201400,2025/09/30,13,0,0.001,0.002,0.003,,0.057,0.18,2.02,2.20,0.007,2,,N,3.3,,
16201400,2025/09/30,14,0,0,0.001,0.001,,0.056,0.13,1.99,2.12,0.007,3,,N,3.2,,
16201400,2025/09/30,15,0,0,0.001,0.001,,0.055,0.13,1.98,2.11,0.006,-,,NNE,3.0,,
16201400,2025/09/30,16,0,0,0.001,0.001,,0.058,0.13,1.98,2.11,0.009,7,,N,2.4,,
16201400,2025/09/30,17,0,0,0.003,0.003,,0.052,0.14,1.98,2.12,0.006,6,,NE,1.6,,
16201400,2025/09/30,18,0,0,0.007,0.007,,0.047,0.14,1.99,2.13,0.008,6,,NE,1.2,,
16201400,2025/09/30,19,0,0,0.002,0.002,,0.051,0.14,1.99,2.13,0.011,5,,E,1.5,,
16201400,2025/09/30,20,0,0,0.003,0.003,,0.047,0.15,2.01,2.16,0.009,7,,E,0.9,,
16201400,2025/09/30,21,0,0,0.004,0.004,,0.040,0.16,2.02,2.18,0.016,5,,WSW,2.0,,
16201400,2025/09/30,22,0,0,0.004,0.004,,0.033,0.17,2.11,2.28,0.011,5,,W,1.9,,
16201400,2025/09/30,23,0,0,0.004,0.004,,0.036,0.16,2.07,2.23,0.013,3,,S,1.4,,
16201400,2025/09/30,24,0,0,0.006,0.006,,0.033,0.17,2.05,2.22,0.005,5,,SE,1.2,,
